1000
1 0
2 1
3 0
4 2
5 4
6 5
7 4
8 1
9 5
10 7
11 6
12 8
13 2
14 11
15 4
16 0
17 14
18 6
19 3
20 16
21 19
22 7
23 1
24 23
25 4
26 25
27 5
28 6
29 18
30 7
31 3
32 12
33 8
34 16
35 8
36 8
37 7
38 33
39 1
40 26
41 0
42 38
43 32
44 17
45 42
46 13
47 10
48 21
49 15
50 0
51 12
52 47
53 29
54 8
55 20
56 36
57 13
58 29
59 1
60 35
61 15
62 52
63 5
64 4
65 54
66 16
67 16
68 34
69 35
70 40
71 20
72 11
73 45
74 52
75 43
76 47
77 57
78 36
79 30
80 27
81 66
82 53
83 76
84 81
85 25
86 26
87 39
88 78
89 8
90 74
91 81
92 91
93 45
94 45
95 29
96 17
97 29
98 90
99 68
100 48
101 46
102 42
103 21
104 74
105 73
106 13
107 96
108 30
109 69
110 63
111 77
112 76
113 1
114 20
115 55
116 28
117 85
118 101
119 1
120 80
121 76
122 118
123 45
124 62
125 85
126 1
127 27
128 20
129 108
130 66
131 36
132 106
133 132
134 66
135 113
136 133
137 52
138 98
139 34
140 78
141 131
142 34
143 15
144 61
145 96
146 70
147 111
148 30
149 35
150 48
151 103
152 47
153 130
154 144
155 76
156 97
157 74
158 123
159 117
160 112
161 52
162 64
163 82
164 28
165 132
166 147
167 140
168 166
169 112
170 107
171 44
172 124
173 13
174 42
175 90
176 66
177 24
178 38
179 50
180 42
181 93
182 71
183 79
184 15
185 101
186 42
187 77
188 62
189 49
190 107
191 13
192 162
193 172
194 18
195 149
196 50
197 166
198 45
199 160
200 17
201 96
202 178
203 117
204 110
205 145
206 105
207 73
208 142
209 24
210 163
211 58
212 160
213 48
214 181
215 72
216 187
217 51
218 92
219 33
220 115
221 166
222 91
223 142
224 6
225 20
226 74
227 142
228 177
229 176
230 168
231 218
232 100
233 173
234 119
235 130
236 114
237 134
238 105
239 141
240 214
241 193
242 165
243 208
244 32
245 188
246 5
247 1
248 16
249 153
250 157
251 238
252 95
253 240
254 152
255 228
256 48
257 205
258 11
259 165
260 248
261 118
262 256
263 158
264 200
265 203
266 54
267 86
268 55
269 141
270 267
271 188
272 206
273 264
274 41
275 15
276 198
277 147
278 219
279 1
280 226
281 145
282 22
283 112
284 218
285 217
286 82
287 90
288 18
289 257
290 195
291 23
292 223
293 235
294 182
295 242
296 284
297 180
298 6
299 58
300 137
301 86
302 151
303 188
304 265
305 7
306 17
307 78
308 91
309 54
310 150
311 296
312 165
313 270
314 147
315 125
316 152
317 304
318 161
319 47
320 227
321 2
322 252
323 65
324 302
325 313
326 35
327 189
328 290
329 125
330 277
331 246
332 16
333 102
334 230
335 230
336 284
337 26
338 221
339 301
340 90
341 14
342 99
343 98
344 332
345 213
346 339
347 195
348 129
349 343
350 232
351 221
352 181
353 221
354 160
355 150
356 273
357 223
358 151
359 193
360 215
361 210
362 101
363 173
364 345
365 294
366 286
367 68
368 315
369 328
370 177
371 189
372 286
373 95
374 63
375 109
376 179
377 285
378 82
379 290
380 278
381 16
382 301
383 311
384 285
385 25
386 205
387 305
388 104
389 71
390 120
391 222
392 167
393 366
394 236
395 139
396 202
397 122
398 296
399 131
400 185
401 191
402 219
403 46
404 277
405 341
406 189
407 40
408 8
409 163
410 355
411 329
412 301
413 226
414 139
415 318
416 271
417 154
418 214
419 0
420 204
421 91
422 128
423 286
424 93
425 75
426 370
427 0
428 277
429 40
430 57
431 70
432 315
433 401
434 318
435 239
436 394
437 7
438 112
439 386
440 269
441 237
442 60
443 302
444 200
445 14
446 80
447 313
448 382
449 65
450 305
451 230
452 312
453 107
454 296
455 383
456 46
457 106
458 409
459 36
460 229
461 126
462 441
463 188
464 133
465 393
466 74
467 48
468 334
469 84
470 317
471 419
472 406
473 304
474 434
475 409
476 38
477 50
478 345
479 379
480 159
481 15
482 370
483 316
484 339
485 113
486 41
487 344
488 373
489 251
490 398
491 5
492 6
493 123
494 483
495 421
496 202
497 20
498 61
499 438
500 359
501 23
502 98
503 435
504 329
505 113
506 226
507 114
508 107
509 235
510 89
511 105
512 96
513 84
514 393
515 404
516 407
517 495
518 487
519 116
520 304
521 81
522 311
523 339
524 384
525 92
526 92
527 257
528 367
529 211
530 367
531 293
532 39
533 412
534 448
535 34
536 384
537 67
538 16
539 433
540 55
541 258
542 314
543 136
544 70
545 105
546 220
547 198
548 520
549 495
550 484
551 495
552 384
553 89
554 108
555 124
556 447
557 155
558 153
559 460
560 8
561 78
562 390
563 447
564 272
565 123
566 120
567 191
568 256
569 383
570 226
571 371
572 255
573 74
574 301
575 503
576 372
577 209
578 193
579 109
580 544
581 122
582 201
583 295
584 180
585 51
586 384
587 510
588 576
589 45
590 143
591 339
592 376
593 551
594 371
595 296
596 212
597 297
598 34
599 312
600 124
601 289
602 235
603 278
604 157
605 451
606 3
607 409
608 35
609 125
610 407
611 209
612 456
613 452
614 2
615 69
616 302
617 127
618 384
619 8
620 597
621 206
622 43
623 597
624 52
625 376
626 452
627 88
628 202
629 259
630 251
631 206
632 1
633 465
634 438
635 366
636 55
637 623
638 59
639 359
640 585
641 508
642 468
643 349
644 221
645 97
646 382
647 587
648 587
649 463
650 428
651 318
652 164
653 462
654 223
655 395
656 176
657 37
658 193
659 542
660 383
661 262
662 409
663 88
664 506
665 543
666 43
667 241
668 356
669 295
670 228
671 390
672 56
673 420
674 136
675 400
676 286
677 403
678 660
679 227
680 134
681 102
682 413
683 387
684 12
685 273
686 330
687 633
688 495
689 370
690 296
691 58
692 41
693 428
694 157
695 290
696 661
697 542
698 149
699 298
700 392
701 627
702 167
703 369
704 516
705 615
706 193
707 91
708 191
709 171
710 338
711 57
712 380
713 353
714 487
715 599
716 629
717 289
718 149
719 30
720 582
721 431
722 5
723 513
724 77
725 376
726 17
727 512
728 628
729 345
730 256
731 239
732 707
733 200
734 271
735 420
736 194
737 154
738 379
739 472
740 520
741 433
742 51
743 6
744 289
745 471
746 368
747 97
748 615
749 346
750 725
751 459
752 24
753 620
754 295
755 97
756 20
757 648
758 355
759 239
760 747
761 411
762 121
763 595
764 301
765 85
766 292
767 382
768 390
769 161
770 509
771 220
772 125
773 699
774 346
775 44
776 305
777 526
778 199
779 208
780 739
781 407
782 211
783 297
784 587
785 670
786 104
787 705
788 425
789 115
790 584
791 242
792 199
793 239
794 488
795 747
796 747
797 633
798 445
799 261
800 516
801 595
802 271
803 753
804 74
805 167
806 86
807 455
808 335
809 560
810 642
811 485
812 395
813 253
814 621
815 335
816 97
817 109
818 243
819 67
820 188
821 709
822 40
823 816
824 724
825 456
826 412
827 597
828 463
829 51
830 307
831 625
832 559
833 786
834 299
835 479
836 664
837 393
838 276
839 755
840 335
841 259
842 558
843 295
844 665
845 713
846 130
847 545
848 302
849 653
850 21
851 102
852 773
853 795
854 738
855 489
856 822
857 853
858 240
859 722
860 115
861 507
862 854
863 496
864 188
865 861
866 637
867 673
868 750
869 464
870 539
871 456
872 159
873 388
874 544
875 789
876 240
877 648
878 635
879 818
880 375
881 545
882 471
883 532
884 72
885 640
886 316
887 732
888 792
889 481
890 390
891 437
892 442
893 189
894 453
895 69
896 606
897 768
898 555
899 437
900 620
901 23
902 578
903 588
904 281
905 740
906 239
907 612
908 212
909 119
910 643
911 723
912 48
913 746
914 658
915 719
916 694
917 274
918 790
919 223
920 807
921 335
922 54
923 921
924 596
925 455
926 364
927 904
928 683
929 836
930 802
931 608
932 334
933 25
934 551
935 806
936 618
937 450
938 788
939 88
940 693
941 747
942 191
943 727
944 77
945 220
946 604
947 515
948 269
949 367
950 734
951 168
952 527
953 201
954 201
955 626
956 666
957 74
958 895
959 39
960 820
961 694
962 290
963 528
964 584
965 272
966 73
967 173
968 949
969 506
970 383
971 297
972 72
973 937
974 508
975 197
976 497
977 439
978 104
979 740
980 875
981 833
982 665
983 54
984 923
985 142
986 809
987 341
988 846
989 944
990 591
991 234
992 112
993 257
994 631
995 70
996 570
997 373
998 843
999 754
943 874
913 932
199 636
706 259
161 55
704 490
715 283
359 95
472 496
846 393
826 912
625 321
185 554
359 152
45 313
615 299
372 571
732 378
512 445
906 302
792 188
499 192
305 878
139 894
553 855
260 648
784 536
295 209
764 665
936 185
959 103
964 583
519 897
322 228
714 28
499 763
771 431
103 700
613 320
630 391
579 181
167 182
514 919
776 308
948 961
699 761
754 918
506 63
949 296
687 119
33 693
242 804
422 860
879 530
964 350
251 711
282 983
11 303
355 627
793 326
206 869
292 350
385 979
371 760
146 462
375 95
825 717
474 728
204 784
383 581
488 954
822 585
866 888
620 719
984 687
573 539
662 746
576 673
104 480
462 356
497 348
741 15
206 982
167 840
810 367
898 403
191 962
460 410
510 53
333 113
123 431
289 591
176 979
424 337
755 531
780 449
247 264
687 221
125 421
726 714
212 540
429 982
588 648
520 308
219 386
628 226
593 639
328 663
991 757
251 649
279 478
195 547
575 206
743 371
664 79
250 297
358 916
381 355
355 778
271 877
948 745
947 502
927 626
238 334
407 44
660 116
6 471
23 108
407 265
282 710
717 326
736 113
635 986
228 501
368 250
148 457
430 721
31 721
80 102
224 929
782 643
343 495
742 944
274 170
881 990
485 929
199 760
499 23
983 563
47 242
695 126
204 490
925 28
45 311
248 558
722 443
862 286
295 214
226 751
547 768
313 464
778 978
506 895
591 661
312 618
978 996
165 368
490 598
724 726
903 347
483 966
174 8
436 866
218 941
86 862
515 651
172 340
870 411
866 489
921 850
728 660
25 784
573 910
762 144
64 820
162 178
765 994
354 940
259 171
162 639
710 715
608 270
374 941
181 689
819 416
532 623
963 100
832 218
74 139
697 812
365 730
698 32
171 894
362 675
424 636
436 10
367 777
806 989
467 912
995 368
706 418
589 586
263 567
810 14
442 2
258 791
62 571
891 9
903 262
576 882
935 489
517 416
355 811
503 700
78 752
716 531
170 457
999 886
630 912
597 87
800 129
689 388
416 588
304 0
423 102
755 868
963 856
271 661
832 959
266 711
140 82
899 416
727 243
670 511
612 164
492 410
873 435
899 887
727 632
631 642
918 723
852 110
553 418
79 31
833 216
880 451
488 146
38 385
109 770
239 265
23 598
242 155
711 228
580 668
62 980
75 604
96 159
753 130
468 525
729 400
970 138
599 331
240 562
471 747
96 972
430 897
785 91
460 62
936 559
550 864
394 715
831 791
969 375
430 206
434 21
744 149
567 73
851 188
485 41
940 458
756 980
645 426
254 535
367 519
862 370
655 742
951 802
584 10
734 287
358 550
109 757
898 442
524 192
727 472
766 97
79 833
950 310
730 625
132 549
293 737
567 824
235 107
384 500
803 479
625 267
605 836
33 130
154 827
326 237
479 77
973 959
93 37
592 957
129 768
900 2
699 937
526 661
629 57
986 694
658 803
944 824
936 326
676 759
443 388
367 411
312 855
863 142
538 282
704 655
101 877
45 897
285 163
968 405
777 134
537 155
842 506
870 464
122 935
207 729
523 512
781 750
421 880
55 378
467 804
697 39
986 60
201 182
335 627
743 868
740 581
496 664
487 256
743 512
87 235
609 28
716 620
635 714
626 246
810 976
977 903
151 553
877 639
789 278
621 572
136 398
425 459
12 176
277 121
375 389
556 55
516 251
387 324
221 699
420 60
364 252
355 54
126 929
97 500
469 357
946 315
672 423
477 2
201 32
184 752
403 433
773 782
509 802
892 859
423 325
86 270
153 377
684 438
187 923
34 158
484 510
972 212
562 387
19 648
130 28
707 250
37 26
132 140
552 246
19 231
230 516
293 345
60 428
920 539
976 979
613 993
591 374
13 99
618 38
967 249
260 527
132 771
675 418
648 966
224 731
852 922
156 820
108 832
921 848
330 809
27 685
750 322
1 120
899 660
876 460
494 951
755 213
821 999
367 567
746 398
530 100
883 913
983 130
896 311
38 634
392 460
823 325
983 924
672 17
856 322
260 289
763 976
658 811
660 305
815 859
776 426
481 261
84 264
50 384
116 451
773 61
460 615
576 759
279 947
773 412
513 914
607 897
763 943
718 37
515 54
911 548
845 550
386 171
579 354
753 211
172 878
755 190
435 183
778 47
167 547
823 766
579 16
151 945
761 913
482 758
271 666
577 892
494 388
969 666
795 156
8 31
813 918
739 969
778 608
353 569
821 977
624 331
1 6
7 11
12 13
14 17
21 26
28 29
30 32
33 34
36 37
38 39
40 41
47 48
50 51
53 57
60 64
65 66
67 68
70 71
73 75
76 79
82 83
87 89
90 91
94 95
96 99
101 104
105 106
108 110
114 117
118 121
123 131
133 135
139 141
144 145
146 149
150 151
156 158
164 165
167 168
169 170
171 175
176 177
178 180
181 186
187 188
189 192
196 198
199 205
208 212
213 218
221 223
224 225
226 227
230 233
237 238
239 240
243 244
245 248
252 256
258 259
261 262
267 268
269 271
272 273
274 275
277 279
280 284
288 290
291 292
295 296
297 299
300 304
306 308
309 311
312 313
316 319
323 325
326 327
328 329
330 331
336 339
341 342
343 345
346 350
351 352
353 354
356 358
359 360
361 363
364 366
367 368
370 371
372 373
374 375
378 379
385 388
390 392
393 394
395 396
397 399
400 402
408 409
410 414
415 416
417 424
425 426
427 432
434 436
437 440
443 444
445 446
447 452
454 455
457 459
460 461
463 466
467 468
470 471
473 475
476 481
483 484
486 491
493 494
497 498
500 503
504 505
508 509
512 513
516 518
519 521
522 526
527 529
530 531
532 533
534 541
542 544
545 546
551 557
558 559
561 562
564 565
566 567
568 571
573 574
576 581
585 590
591 594
595 597
598 599
600 601
602 603
604 610
611 612
613 614
615 616
617 619
620 621
622 623
625 628
629 630
631 633
636 638
641 642
643 644
646 647
648 650
652 654
655 656
657 659
661 667
669 670
671 672
673 674
675 677
678 679
680 681
682 686
688 689
690 691
692 693
696 697
699 700
701 702
703 704
706 707
708 710
712 716
717 719
720 721
722 723
724 726
727 728
729 730
732 733
734 735
739 742
748 749
752 754
757 759
760 761
766 767
769 771
772 773
774 775
776 777
778 779
782 783
787 789
791 792
794 795
796 797
798 799
801 803
804 805
806 808
809 811
814 817
821 822
823 824
828 829
830 834
835 836
837 838
839 841
844 846
847 849
852 855
856 857
858 859
865 867
868 870
871 872
878 880
884 885
889 890
892 893
894 895
897 898
901 902
905 907
908 909
915 917
923 926
928 930
931 933
934 935
937 938
939 940
941 942
943 947
948 949
951 952
953 955
956 958
960 963
964 965
966 971
972 974
975 977
978 980
981 982
983 985
987 988
992 997
998 999
