1000
1 0
2 0
3 0
4 1
5 4
6 5
7 3
8 1
9 6
10 1
11 5
12 3
13 10
14 13
15 7
16 7
17 11
18 4
19 17
20 10
21 9
22 20
23 11
24 5
25 12
26 7
27 8
28 20
29 9
30 14
31 26
32 21
33 15
34 11
35 29
36 17
37 15
38 34
39 19
40 35
41 40
42 3
43 26
44 37
45 11
46 38
47 5
48 5
49 26
50 18
51 30
52 19
53 31
54 38
55 39
56 16
57 45
58 21
59 7
60 52
61 59
62 27
63 39
64 9
65 35
66 27
67 6
68 10
69 2
70 69
71 3
72 52
73 18
74 32
75 25
76 8
77 4
78 68
79 36
80 6
81 26
82 34
83 45
84 6
85 3
86 85
87 73
88 84
89 13
90 74
91 19
92 87
93 69
94 74
95 0
96 21
97 68
98 7
99 77
100 1
101 41
102 1
103 20
104 40
105 36
106 5
107 4
108 36
109 49
110 109
111 41
112 7
113 15
114 60
115 73
116 48
117 55
118 99
119 77
120 85
121 7
122 51
123 61
124 10
125 85
126 39
127 38
128 71
129 41
130 53
131 25
132 100
133 3
134 102
135 55
136 107
137 58
138 79
139 38
140 18
141 11
142 133
143 77
144 76
145 71
146 43
147 63
148 97
149 24
150 20
151 89
152 47
153 103
154 119
155 152
156 28
157 85
158 105
159 21
160 44
161 106
162 3
163 117
164 87
165 150
166 3
167 86
168 105
169 40
170 24
171 153
172 10
173 172
174 33
175 64
176 169
177 74
178 82
179 48
180 113
181 89
182 35
183 76
184 135
185 64
186 99
187 52
188 115
189 102
190 16
191 165
192 9
193 77
194 140
195 173
196 51
197 17
198 90
199 63
200 119
201 167
202 103
203 131
204 20
205 167
206 17
207 30
208 82
209 6
210 96
211 153
212 95
213 51
214 4
215 150
216 199
217 200
218 115
219 60
220 193
221 93
222 107
223 207
224 44
225 114
226 122
227 30
228 24
229 130
230 202
231 118
232 47
233 102
234 177
235 3
236 47
237 83
238 135
239 154
240 220
241 154
242 56
243 194
244 11
245 127
246 224
247 193
248 53
249 16
250 196
251 67
252 226
253 192
254 175
255 183
256 210
257 0
258 76
259 88
260 218
261 249
262 146
263 39
264 15
265 133
266 206
267 78
268 120
269 253
270 243
271 147
272 154
273 170
274 83
275 74
276 171
277 0
278 148
279 124
280 252
281 19
282 1
283 88
284 123
285 277
286 63
287 94
288 212
289 247
290 84
291 105
292 0
293 250
294 38
295 263
296 274
297 109
298 185
299 40
300 94
301 7
302 49
303 260
304 240
305 70
306 190
307 156
308 181
309 52
310 63
311 43
312 0
313 240
314 227
315 261
316 76
317 231
318 216
319 54
320 258
321 67
322 58
323 237
324 307
325 236
326 132
327 326
328 260
329 273
330 46
331 234
332 135
333 131
334 230
335 258
336 226
337 92
338 37
339 231
340 314
341 61
342 210
343 340
344 213
345 28
346 291
347 94
348 109
349 212
350 244
351 2
352 197
353 285
354 106
355 143
356 139
357 302
358 255
359 37
360 122
361 112
362 21
363 92
364 256
365 116
366 66
367 361
368 292
369 287
370 353
371 252
372 141
373 234
374 13
375 250
376 40
377 60
378 72
379 147
380 25
381 123
382 260
383 243
384 211
385 357
386 141
387 100
388 139
389 182
390 137
391 222
392 54
393 238
394 373
395 289
396 212
397 386
398 157
399 396
400 122
401 328
402 43
403 86
404 307
405 26
406 89
407 153
408 363
409 337
410 406
411 265
412 25
413 118
414 194
415 377
416 223
417 375
418 379
419 236
420 408
421 343
422 174
423 289
424 126
425 268
426 173
427 317
428 333
429 361
430 27
431 91
432 297
433 101
434 129
435 202
436 392
437 342
438 50
439 303
440 388
441 75
442 216
443 68
444 0
445 256
446 381
447 310
448 93
449 2
450 257
451 117
452 21
453 206
454 338
455 34
456 12
457 106
458 129
459 164
460 156
461 244
462 60
463 199
464 371
465 266
466 62
467 427
468 71
469 225
470 222
471 192
472 238
473 299
474 449
475 29
476 403
477 422
478 25
479 133
480 129
481 417
482 248
483 172
484 419
485 199
486 53
487 85
488 302
489 206
490 66
491 322
492 76
493 207
494 375
495 417
496 62
497 156
498 66
499 143
500 153
501 494
502 391
503 40
504 173
505 121
506 44
507 71
508 350
509 246
510 353
511 188
512 318
513 153
514 299
515 272
516 146
517 370
518 217
519 390
520 79
521 510
522 245
523 255
524 434
525 40
526 288
527 340
528 413
529 275
530 331
531 526
532 470
533 478
534 187
535 257
536 53
537 412
538 206
539 424
540 320
541 438
542 131
543 335
544 300
545 247
546 58
547 437
548 54
549 142
550 238
551 534
552 20
553 487
554 103
555 540
556 94
557 556
558 164
559 201
560 404
561 125
562 118
563 491
564 317
565 227
566 271
567 199
568 34
569 382
570 171
571 251
572 170
573 489
574 420
575 565
576 283
577 76
578 360
579 421
580 234
581 282
582 435
583 47
584 439
585 330
586 429
587 247
588 212
589 397
590 318
591 103
592 311
593 153
594 164
595 230
596 11
597 285
598 25
599 555
600 289
601 19
602 120
603 517
604 208
605 111
606 107
607 132
608 320
609 83
610 568
611 464
612 411
613 91
614 264
615 267
616 597
617 210
618 432
619 503
620 387
621 309
622 335
623 51
624 315
625 199
626 239
627 391
628 379
629 122
630 543
631 214
632 292
633 394
634 464
635 188
636 618
637 628
638 379
639 525
640 15
641 234
642 421
643 31
644 36
645 191
646 469
647 549
648 259
649 52
650 204
651 34
652 347
653 212
654 238
655 408
656 130
657 481
658 253
659 595
660 107
661 251
662 570
663 558
664 393
665 623
666 664
667 194
668 543
669 502
670 288
671 329
672 636
673 489
674 636
675 314
676 10
677 44
678 675
679 182
680 404
681 369
682 286
683 349
684 154
685 355
686 665
687 305
688 530
689 93
690 94
691 528
692 205
693 5
694 33
695 542
696 99
697 671
698 459
699 104
700 355
701 334
702 235
703 191
704 443
705 686
706 190
707 607
708 37
709 66
710 195
711 247
712 492
713 369
714 312
715 98
716 266
717 269
718 707
719 533
720 14
721 686
722 711
723 348
724 581
725 164
726 694
727 674
728 70
729 191
730 153
731 301
732 32
733 192
734 606
735 453
736 545
737 616
738 680
739 637
740 304
741 56
742 611
743 62
744 551
745 738
746 646
747 264
748 356
749 529
750 186
751 516
752 570
753 623
754 131
755 601
756 692
757 615
758 604
759 668
760 718
761 218
762 115
763 554
764 672
765 158
766 225
767 212
768 513
769 267
770 160
771 645
772 48
773 156
774 596
775 92
776 169
777 270
778 344
779 87
780 559
781 146
782 606
783 276
784 490
785 553
786 734
787 689
788 378
789 533
790 351
791 344
792 15
793 684
794 496
795 26
796 635
797 389
798 366
799 648
800 750
801 550
802 741
803 27
804 509
805 394
806 124
807 401
808 463
809 712
810 16
811 174
812 348
813 508
814 742
815 295
816 307
817 280
818 316
819 464
820 691
821 507
822 311
823 181
824 678
825 594
826 537
827 716
828 247
829 225
830 802
831 799
832 126
833 670
834 54
835 15
836 574
837 0
838 519
839 833
840 315
841 35
842 64
843 321
844 583
845 254
846 843
847 764
848 583
849 57
850 489
851 152
852 490
853 313
854 510
855 193
856 62
857 745
858 785
859 358
860 590
861 14
862 713
863 830
864 484
865 563
866 131
867 647
868 592
869 485
870 348
871 400
872 579
873 242
874 77
875 600
876 111
877 364
878 247
879 603
880 332
881 458
882 58
883 350
884 516
885 81
886 265
887 506
888 859
889 518
890 470
891 784
892 512
893 9
894 656
895 77
896 597
897 459
898 589
899 256
900 671
901 717
902 821
903 413
904 634
905 728
906 480
907 824
908 353
909 135
910 197
911 302
912 421
913 633
914 222
915 637
916 464
917 435
918 664
919 883
920 201
921 383
922 229
923 876
924 307
925 532
926 518
927 269
928 803
929 260
930 804
931 390
932 170
933 122
934 203
935 123
936 436
937 629
938 261
939 177
940 8
941 551
942 239
943 438
944 278
945 42
946 615
947 345
948 84
949 31
950 51
951 504
952 612
953 452
954 788
955 633
956 241
957 475
958 108
959 434
960 356
961 465
962 578
963 790
964 606
965 570
966 405
967 11
968 333
969 934
970 42
971 603
972 334
973 611
974 72
975 746
976 35
977 916
978 947
979 586
980 637
981 138
982 826
983 96
984 496
985 460
986 775
987 357
988 258
989 337
990 631
991 798
992 106
993 695
994 983
995 66
996 39
997 659
998 30
999 143
650 283
906 114
753 977
798 630
128 564
19 468
58 381
835 493
66 650
366 517
152 841
649 853
595 588
775 71
364 248
927 339
221 743
537 432
61 358
358 175
10 769
51 945
217 651
729 489
652 257
301 404
536 742
455 589
962 137
129 965
462 450
438 511
4 812
844 898
864 923
591 720
715 495
748 35
251 826
110 662
996 59
145 441
337 133
793 279
892 881
381 866
957 943
114 676
366 659
787 45
15 964
1 618
353 444
275 326
71 16
357 43
566 528
853 106
323 303
123 32
904 913
308 516
283 12
411 924
619 343
93 824
536 112
383 670
966 482
406 28
573 739
99 717
865 251
753 162
961 304
948 570
741 591
896 900
865 557
347 361
800 307
224 847
575 328
777 831
424 888
24 48
943 722
186 517
397 344
417 617
830 415
428 619
201 734
133 796
532 116
375 885
689 642
745 574
424 687
163 89
938 474
477 421
832 682
207 615
350 234
632 346
440 40
486 959
191 204
262 536
911 942
697 558
208 656
428 914
279 747
154 912
521 45
384 320
884 167
116 807
737 149
523 130
425 535
766 738
291 101
96 379
240 167
231 894
556 186
780 775
808 478
360 808
872 308
197 756
230 573
471 801
626 318
549 516
111 280
368 616
810 995
975 249
657 627
611 235
982 954
318 288
263 765
539 214
700 531
306 470
740 824
11 529
235 312
388 325
396 222
48 685
223 4
294 175
56 373
115 527
76 654
629 121
496 452
126 436
40 191
633 657
280 579
676 619
387 303
49 576
109 534
355 245
7 523
274 353
23 866
219 408
65 962
238 223
447 878
789 591
696 602
303 770
847 219
862 835
995 535
123 634
223 20
411 413
389 213
518 658
99 854
13 696
82 256
741 542
719 96
892 115
289 602
279 677
62 668
925 973
33 877
660 775
756 820
694 639
957 828
407 95
481 173
542 965
154 294
22 361
568 324
294 211
478 485
7 626
758 781
184 348
609 210
729 513
567 768
836 174
577 803
811 234
955 450
102 695
164 5
806 676
531 791
987 47
320 966
775 288
484 391
261 560
581 239
449 576
698 837
606 735
344 411
646 251
799 218
809 496
260 173
445 678
83 414
733 972
472 757
18 195
58 255
315 486
293 563
610 885
531 872
957 833
639 186
949 274
837 979
103 644
505 942
525 455
499 366
472 534
963 454
371 311
990 114
271 545
933 370
719 628
455 494
927 530
931 589
206 140
436 16
421 319
544 435
331 357
31 28
198 343
373 540
888 304
427 58
436 317
481 823
875 801
504 292
32 525
23 511
620 524
797 837
854 365
157 769
931 314
875 202
406 853
633 395
932 298
14 332
590 575
916 550
348 871
284 924
811 614
840 437
874 32
493 765
207 563
323 779
665 218
43 510
753 467
484 600
546 864
593 765
770 937
771 900
436 83
310 132
388 506
666 826
446 490
257 654
379 827
319 486
833 851
91 282
757 941
313 375
768 151
498 103
51 497
233 421
841 465
570 934
144 836
497 419
602 535
875 19
646 772
557 526
206 535
160 60
654 880
62 387
872 955
796 279
142 475
763 756
317 533
564 32
826 728
200 523
420 867
425 704
141 855
457 429
222 587
629 702
334 927
917 329
623 856
547 466
382 81
373 6
77 347
152 44
814 723
491 407
598 609
534 673
299 66
694 58
756 603
862 918
460 126
610 396
586 257
131 522
791 417
378 854
589 374
939 896
193 600
480 491
957 119
166 682
85 248
792 343
451 779
735 14
233 609
619 777
955 771
936 829
174 334
911 217
713 891
168 854
30 699
801 234
421 415
326 375
422 253
965 537
128 70
252 516
467 637
793 915
399 450
470 509
975 980
328 954
997 542
746 956
634 416
195 529
514 542
320 796
290 925
239 955
248 146
889 75
902 853
883 615
657 490
426 504
892 200
672 806
375 381
144 676
265 675
584 720
906 253
606 429
482 41
229 417
675 542
405 173
499 328
727 175
574 160
547 669
612 632
956 365
82 324
805 170
920 676
115 720
102 782
542 112
124 872
772 567
700 915
708 722
382 227
172 900
504 731
608 999
448 989
640 193
232 303
740 206
276 121
302 923
58 851
980 435
951 924
553 810
74 213
983 990
280 868
484 310
651 908
150 115
223 305
875 27
643 585
833 340
848 158
607 709
953 944
694 360
183 40
696 636
544 936
235 808
900 694
34 217
115 334
649 300
686 631
178 375
169 422
337 193
193 390
384 586
584 570
912 109
698 961
141 707
674 512
68 289
943 205
499 113
