1000
1 0
2 0
3 0
4 3
5 0
6 4
7 1
8 0
9 6
10 0
11 8
12 3
13 5
14 10
15 9
16 12
17 15
18 8
19 14
20 0
21 14
22 19
23 7
24 0
25 17
26 11
27 14
28 22
29 21
30 13
31 0
32 22
33 32
34 20
35 24
36 20
37 1
38 7
39 23
40 23
41 26
42 35
43 42
44 19
45 42
46 29
47 24
48 19
49 21
50 8
51 28
52 8
53 12
54 34
55 9
56 27
57 5
58 26
59 45
60 29
61 37
62 35
63 15
64 33
65 25
66 18
67 29
68 65
69 48
70 58
71 23
72 1
73 52
74 0
75 32
76 66
77 22
78 46
79 42
80 79
81 53
82 47
83 7
84 1
85 26
86 62
87 19
88 8
89 26
90 27
91 40
92 5
93 42
94 46
95 45
96 60
97 61
98 36
99 30
100 77
101 42
102 81
103 24
104 95
105 19
106 54
107 102
108 12
109 11
110 12
111 28
112 93
113 36
114 87
115 66
116 17
117 67
118 34
119 23
120 36
121 116
122 53
123 28
124 95
125 47
126 46
127 99
128 29
129 74
130 60
131 91
132 131
133 0
134 99
135 72
136 62
137 61
138 99
139 14
140 70
141 14
142 104
143 106
144 96
145 32
146 122
147 64
148 69
149 107
150 55
151 37
152 27
153 45
154 118
155 116
156 89
157 131
158 12
159 145
160 128
161 18
162 20
163 102
164 139
165 112
166 46
167 24
168 89
169 144
170 33
171 13
172 127
173 172
174 154
175 149
176 156
177 108
178 91
179 177
180 170
181 13
182 76
183 64
184 104
185 85
186 54
187 61
188 105
189 159
190 95
191 46
192 165
193 17
194 160
195 37
196 165
197 116
198 116
199 137
200 37
201 32
202 10
203 56
204 19
205 142
206 7
207 158
208 23
209 33
210 17
211 95
212 151
213 202
214 93
215 46
216 0
217 70
218 27
219 74
220 74
221 103
222 70
223 10
224 146
225 107
226 135
227 43
228 22
229 128
230 115
231 212
232 174
233 120
234 108
235 189
236 142
237 213
238 232
239 26
240 83
241 228
242 20
243 226
244 104
245 139
246 215
247 126
248 103
249 108
250 94
251 14
252 168
253 51
254 20
255 194
256 205
257 205
258 41
259 182
260 104
261 110
262 67
263 144
264 48
265 203
266 132
267 2
268 248
269 192
270 144
271 160
272 245
273 229
274 89
275 268
276 209
277 157
278 273
279 171
280 176
281 230
282 115
283 216
284 195
285 223
286 113
287 98
288 50
289 252
290 228
291 132
292 81
293 217
294 151
295 16
296 198
297 147
298 224
299 217
300 285
301 160
302 118
303 106
304 160
305 280
306 38
307 8
308 90
309 25
310 42
311 105
312 200
313 294
314 182
315 249
316 188
317 264
318 90
319 148
320 14
321 106
322 292
323 310
324 84
325 39
326 125
327 306
328 29
329 238
330 285
331 21
332 54
333 139
334 119
335 41
336 25
337 207
338 213
339 65
340 324
341 159
342 59
343 263
344 339
345 31
346 17
347 120
348 129
349 58
350 6
351 47
352 65
353 323
354 273
355 41
356 101
357 104
358 132
359 287
360 136
361 152
362 226
363 251
364 57
365 129
366 359
367 155
368 132
369 2
370 29
371 282
372 1
373 109
374 22
375 350
376 364
377 371
378 282
379 96
380 212
381 27
382 0
383 89
384 128
385 135
386 54
387 42
388 340
389 119
390 363
391 7
392 116
393 218
394 190
395 9
396 108
397 189
398 185
399 89
400 36
401 147
402 200
403 375
404 291
405 16
406 30
407 159
408 88
409 149
410 135
411 78
412 344
413 275
414 365
415 126
416 287
417 345
418 243
419 43
420 253
421 372
422 90
423 266
424 405
425 264
426 279
427 96
428 370
429 254
430 251
431 149
432 110
433 194
434 271
435 76
436 413
437 237
438 20
439 226
440 298
441 10
442 184
443 90
444 441
445 126
446 175
447 40
448 49
449 439
450 116
451 121
452 185
453 214
454 192
455 426
456 246
457 395
458 54
459 90
460 267
461 415
462 305
463 374
464 166
465 66
466 23
467 4
468 411
469 267
470 125
471 97
472 56
473 128
474 392
475 415
476 359
477 37
478 13
479 169
480 395
481 224
482 431
483 114
484 26
485 405
486 292
487 54
488 148
489 440
490 125
491 191
492 472
493 372
494 379
495 90
496 399
497 151
498 191
499 313
500 293
501 250
502 374
503 53
504 195
505 501
506 99
507 462
508 195
509 89
510 286
511 391
512 445
513 167
514 92
515 472
516 494
517 462
518 177
519 247
520 139
521 497
522 217
523 366
524 383
525 107
526 423
527 96
528 239
529 192
530 350
531 332
532 348
533 290
534 73
535 464
536 402
537 294
538 349
539 470
540 55
541 196
542 541
543 473
544 198
545 39
546 415
547 198
548 204
549 344
550 132
551 348
552 311
553 96
554 531
555 292
556 482
557 514
558 136
559 460
560 535
561 137
562 396
563 46
564 534
565 442
566 417
567 383
568 199
569 540
570 559
571 133
572 429
573 487
574 195
575 533
576 399
577 278
578 533
579 199
580 36
581 322
582 282
583 428
584 251
585 223
586 153
587 381
588 344
589 249
590 0
591 506
592 125
593 363
594 574
595 295
596 97
597 280
598 415
599 533
600 519
601 486
602 413
603 558
604 144
605 8
606 118
607 342
608 528
609 65
610 320
611 210
612 111
613 459
614 148
615 523
616 339
617 172
618 216
619 72
620 513
621 418
622 65
623 237
624 69
625 39
626 412
627 219
628 424
629 280
630 428
631 386
632 198
633 524
634 590
635 260
636 156
637 206
638 237
639 73
640 508
641 385
642 508
643 361
644 307
645 209
646 366
647 321
648 229
649 248
650 73
651 404
652 429
653 67
654 339
655 343
656 51
657 113
658 418
659 47
660 31
661 177
662 221
663 415
664 535
665 600
666 77
667 449
668 277
669 85
670 166
671 103
672 552
673 169
674 297
675 533
676 14
677 116
678 353
679 122
680 475
681 420
682 660
683 277
684 676
685 350
686 611
687 569
688 458
689 459
690 622
691 224
692 258
693 211
694 468
695 298
696 183
697 494
698 486
699 125
700 503
701 242
702 51
703 116
704 40
705 125
706 287
707 506
708 486
709 235
710 144
711 663
712 553
713 245
714 387
715 253
716 558
717 324
718 99
719 398
720 447
721 526
722 197
723 657
724 641
725 583
726 554
727 585
728 553
729 480
730 209
731 281
732 507
733 423
734 304
735 714
736 623
737 554
738 707
739 151
740 501
741 248
742 608
743 370
744 485
745 337
746 719
747 522
748 640
749 440
750 646
751 344
752 422
753 557
754 271
755 586
756 261
757 484
758 198
759 237
760 514
761 737
762 445
763 672
764 480
765 593
766 141
767 7
768 114
769 308
770 723
771 580
772 90
773 227
774 550
775 356
776 449
777 259
778 441
779 188
780 749
781 700
782 709
783 68
784 658
785 66
786 142
787 184
788 624
789 683
790 39
791 444
792 126
793 251
794 334
795 602
796 169
797 93
798 561
799 441
800 645
801 289
802 799
803 358
804 405
805 73
806 600
807 367
808 737
809 383
810 657
811 450
812 588
813 409
814 85
815 39
816 168
817 88
818 536
819 544
820 776
821 73
822 272
823 37
824 576
825 435
826 658
827 483
828 708
829 576
830 284
831 137
832 379
833 661
834 201
835 428
836 535
837 731
838 513
839 410
840 410
841 497
842 560
843 164
844 423
845 514
846 38
847 164
848 364
849 471
850 27
851 584
852 456
853 510
854 10
855 741
856 406
857 67
858 795
859 144
860 804
861 666
862 681
863 379
864 809
865 795
866 751
867 81
868 718
869 536
870 814
871 527
872 696
873 165
874 312
875 775
876 730
877 148
878 551
879 464
880 641
881 639
882 617
883 174
884 444
885 283
886 762
887 286
888 729
889 218
890 597
891 742
892 362
893 713
894 825
895 125
896 738
897 284
898 219
899 692
900 240
901 541
902 795
903 234
904 719
905 54
906 820
907 823
908 379
909 847
910 212
911 490
912 236
913 370
914 132
915 615
916 720
917 815
918 860
919 359
920 448
921 111
922 168
923 88
924 832
925 450
926 394
927 290
928 380
929 70
930 254
931 546
932 828
933 753
934 195
935 237
936 738
937 649
938 4
939 185
940 683
941 335
942 117
943 823
944 816
945 45
946 375
947 717
948 897
949 232
950 435
951 454
952 357
953 734
954 35
955 627
956 320
957 862
958 373
959 460
960 521
961 3
962 960
963 426
964 850
965 883
966 392
967 584
968 590
969 895
970 945
971 31
972 491
973 659
974 87
975 581
976 147
977 313
978 12
979 51
980 301
981 49
982 826
983 156
984 869
985 938
986 130
987 331
988 724
989 729
990 398
991 215
992 381
993 904
994 29
995 783
996 334
997 671
998 17
999 407
559 145
624 636
498 755
613 927
542 893
907 881
410 317
295 82
659 482
756 150
514 222
707 745
277 296
728 447
568 977
252 208
864 361
297 192
4 762
197 869
304 625
581 122
463 533
437 296
196 792
538 299
949 842
925 259
629 877
412 17
589 332
390 705
398 772
514 672
229 500
908 626
747 281
254 174
624 50
391 974
332 659
651 246
353 892
159 405
657 881
447 385
887 861
118 485
788 703
536 302
89 351
815 499
132 770
769 570
937 824
202 344
742 7
163 672
403 144
359 517
164 88
542 187
564 713
384 967
192 582
343 838
933 742
809 835
614 831
241 338
182 804
545 482
799 497
830 408
117 491
456 30
435 116
533 562
87 4
961 691
107 100
635 374
475 804
359 134
943 77
628 522
364 48
641 289
387 564
441 704
949 935
567 132
337 12
472 763
860 51
220 901
940 830
912 896
489 327
748 401
952 111
540 670
102 233
749 336
205 237
741 758
110 905
847 204
307 354
394 682
423 264
406 337
733 343
882 577
698 362
572 662
800 90
78 465
103 396
625 635
202 792
665 940
796 317
149 57
405 666
905 619
957 72
834 508
355 916
133 997
666 368
204 555
345 841
614 257
373 835
154 278
918 536
728 694
891 16
332 319
954 761
384 690
584 912
828 505
209 792
949 280
245 591
919 204
624 537
776 912
92 187
515 14
956 489
542 962
31 372
488 26
775 843
546 810
518 482
993 725
692 200
333 445
776 450
994 867
8 629
256 514
342 249
305 678
945 601
38 914
333 94
654 839
424 731
501 448
594 780
868 538
176 351
771 858
733 517
928 702
974 226
762 501
864 95
895 618
401 633
750 163
775 11
489 225
841 790
155 712
872 800
626 926
793 602
361 129
242 972
413 880
446 731
682 931
303 291
801 231
79 815
616 337
475 61
614 84
949 903
249 798
108 260
94 300
690 413
284 286
570 419
838 302
395 445
651 497
14 167
996 528
696 695
793 776
852 153
576 525
608 931
907 534
50 282
877 345
88 891
473 991
897 350
998 242
482 852
483 427
240 489
763 113
431 812
581 892
462 876
403 671
744 565
813 171
847 568
394 696
214 8
242 366
67 673
178 298
727 35
108 13
92 172
259 374
690 227
520 760
61 648
84 86
895 426
795 330
741 176
73 341
521 641
908 232
316 424
901 634
445 374
308 34
475 587
911 84
755 807
86 913
870 859
631 878
705 445
793 7
122 328
815 804
413 578
123 841
520 839
531 44
161 666
917 328
946 612
931 382
998 949
315 67
547 383
550 420
244 715
587 397
153 227
199 50
973 814
195 125
532 130
121 142
671 43
580 377
110 850
260 760
744 609
731 457
58 258
479 99
442 935
500 10
278 309
725 578
670 298
719 448
795 917
643 779
842 36
573 345
393 488
157 967
517 566
738 1
670 31
222 815
239 254
866 0
790 753
38 480
412 537
661 221
65 844
707 239
919 370
60 766
153 740
619 430
297 72
539 525
139 857
374 845
977 708
871 980
563 125
886 744
762 23
279 505
338 611
247 599
450 672
181 34
673 25
401 193
383 380
540 658
605 926
875 927
250 588
465 346
787 572
471 223
789 802
211 48
290 414
811 630
590 787
684 971
493 163
923 668
636 877
903 251
96 497
498 668
70 466
938 893
984 858
80 384
793 739
507 549
237 169
170 576
808 894
925 650
114 125
950 252
547 824
130 110
505 45
502 621
27 851
975 195
976 11
498 488
721 833
13 254
648 145
712 938
76 878
3 430
898 205
446 516
929 273
735 901
874 24
283 288
450 795
620 966
654 930
363 305
690 382
995 637
654 656
274 199
109 558
732 466
947 518
333 96
26 363
411 317
457 653
838 848
402 77
117 195
934 245
358 689
208 494
690 959
3 947
811 843
800 115
850 849
816 556
953 973
114 971
178 882
81 640
218 41
493 565
966 501
525 199
872 851
374 758
286 912
755 135
975 554
641 136
387 112
204 387
830 389
948 436
776 544
230 861
100 903
528 817
907 426
869 548
972 196
81 889
651 187
562 742
363 889
339 450
545 235
142 831
559 758
220 714
641 322
548 208
103 183
743 426
64 836
556 304
839 398
429 252
133 733
28 301
74 355
835 581
145 429
303 636
824 20
160 891
121 741
352 44
816 484
453 622
312 560
957 151
700 447
661 3
695 42
6 897
649 148
692 636
551 20
900 406
238 521
378 0
331 909
156 239
626 162
63 737
921 954
628 342
983 931
742 513
551 14
42 252
499 352
819 635
