1000
1 0
2 0
3 0
4 3
5 4
6 4
7 0
8 2
9 2
10 7
11 5
12 6
13 12
14 11
15 10
16 1
17 4
18 0
19 7
20 14
21 10
22 2
23 10
24 4
25 22
26 5
27 3
28 25
29 28
30 27
31 10
32 13
33 9
34 28
35 4
36 2
37 13
38 32
39 6
40 22
41 30
42 15
43 42
44 25
45 41
46 32
47 27
48 42
49 4
50 21
51 27
52 17
53 18
54 38
55 12
56 21
57 0
58 7
59 36
60 8
61 18
62 16
63 8
64 33
65 13
66 64
67 40
68 15
69 32
70 52
71 6
72 63
73 60
74 39
75 8
76 41
77 46
78 76
79 53
80 19
81 21
82 25
83 10
84 54
85 23
86 85
87 27
88 26
89 25
90 47
91 23
92 2
93 63
94 18
95 48
96 30
97 67
98 51
99 42
100 93
101 14
102 68
103 40
104 77
105 3
106 12
107 57
108 66
109 10
110 33
111 26
112 32
113 23
114 15
115 66
116 9
117 35
118 11
119 40
120 15
121 84
122 112
123 107
124 46
125 108
126 115
127 103
128 103
129 56
130 46
131 53
132 54
133 35
134 72
135 31
136 110
137 89
138 107
139 61
140 43
141 2
142 99
143 119
144 83
145 13
146 48
147 69
148 37
149 34
150 54
151 113
152 56
153 60
154 36
155 110
156 73
157 94
158 3
159 137
160 113
161 59
162 53
163 149
164 138
165 61
166 54
167 28
168 93
169 85
170 27
171 135
172 116
173 158
174 92
175 55
176 17
177 40
178 80
179 108
180 67
181 79
182 89
183 132
184 41
185 49
186 43
187 122
188 147
189 29
190 136
191 15
192 41
193 11
194 66
195 129
196 43
197 99
198 74
199 171
200 101
201 41
202 53
203 129
204 31
205 91
206 122
207 192
208 15
209 73
210 32
211 210
212 199
213 198
214 20
215 168
216 151
217 33
218 43
219 76
220 87
221 103
222 136
223 36
224 218
225 143
226 211
227 173
228 95
229 6
230 137
231 218
232 165
233 42
234 2
235 15
236 42
237 11
238 143
239 168
240 160
241 222
242 50
243 216
244 96
245 219
246 216
247 8
248 117
249 212
250 217
251 249
252 34
253 138
254 46
255 47
256 162
257 19
258 162
259 134
260 10
261 141
262 253
263 138
264 158
265 196
266 25
267 163
268 177
269 136
270 95
271 14
272 264
273 55
274 230
275 120
276 239
277 61
278 147
279 244
280 111
281 213
282 152
283 277
284 199
285 264
286 230
287 156
288 86
289 15
290 34
291 157
292 202
293 44
294 136
295 60
296 229
297 67
298 212
299 192
300 10
301 69
302 33
303 200
304 267
305 23
306 252
307 249
308 284
309 239
310 231
311 305
312 233
313 231
314 214
315 209
316 111
317 302
318 165
319 104
320 267
321 234
322 149
323 259
324 225
325 297
326 204
327 14
328 15
329 158
330 114
331 269
332 271
333 278
334 135
335 273
336 141
337 17
338 130
339 313
340 58
341 243
342 230
343 342
344 119
345 310
346 5
347 144
348 62
349 17
350 66
351 344
352 104
353 45
354 129
355 116
356 263
357 327
358 171
359 347
360 327
361 26
362 210
363 343
364 292
365 306
366 297
367 257
368 34
369 194
370 89
371 206
372 110
373 43
374 361
375 185
376 229
377 43
378 36
379 180
380 20
381 188
382 290
383 258
384 354
385 366
386 176
387 239
388 218
389 3
390 26
391 274
392 96
393 77
394 321
395 349
396 315
397 269
398 106
399 294
400 47
401 174
402 55
403 307
404 316
405 20
406 210
407 293
408 255
409 2
410 33
411 286
412 4
413 235
414 225
415 93
416 142
417 361
418 215
419 390
420 288
421 47
422 403
423 241
424 329
425 196
426 72
427 320
428 214
429 115
430 56
431 345
432 295
433 370
434 67
435 212
436 327
437 29
438 14
439 239
440 202
441 50
442 257
443 116
444 231
445 237
446 106
447 282
448 383
449 287
450 306
451 376
452 413
453 206
454 16
455 437
456 203
457 338
458 81
459 415
460 29
461 406
462 74
463 277
464 221
465 284
466 138
467 176
468 176
469 246
470 37
471 158
472 465
473 132
474 293
475 356
476 220
477 433
478 357
479 223
480 361
481 443
482 408
483 189
484 130
485 178
486 357
487 160
488 59
489 333
490 487
491 87
492 330
493 193
494 134
495 320
496 423
497 374
498 198
499 193
500 267
501 354
502 465
503 45
504 24
505 151
506 419
507 325
508 68
509 309
510 73
511 404
512 279
513 249
514 272
515 277
516 63
517 487
518 342
519 426
520 390
521 502
522 203
523 456
524 495
525 214
526 28
527 466
528 169
529 171
530 60
531 273
532 403
533 247
534 25
535 70
536 187
537 479
538 202
539 436
540 375
541 39
542 361
543 150
544 56
545 521
546 477
547 8
548 276
549 511
550 535
551 282
552 398
553 337
554 303
555 463
556 92
557 317
558 384
559 4
560 133
561 320
562 507
563 316
564 505
565 482
566 225
567 37
568 398
569 438
570 21
571 293
572 416
573 143
574 267
575 191
576 198
577 88
578 162
579 155
580 212
581 492
582 113
583 361
584 529
585 317
586 512
587 100
588 346
589 234
590 455
591 366
592 560
593 406
594 146
595 244
596 48
597 493
598 445
599 405
600 30
601 114
602 357
603 121
604 45
605 289
606 552
607 276
608 604
609 329
610 388
611 114
612 424
613 387
614 282
615 158
616 58
617 486
618 546
619 279
620 201
621 293
622 151
623 376
624 447
625 495
626 178
627 515
628 585
629 14
630 523
631 263
632 317
633 591
634 597
635 126
636 255
637 623
638 123
639 483
640 48
641 315
642 539
643 5
644 215
645 406
646 274
647 140
648 149
649 8
650 556
651 214
652 289
653 126
654 199
655 551
656 421
657 52
658 300
659 400
660 60
661 147
662 385
663 375
664 73
665 13
666 254
667 387
668 497
669 591
670 70
671 115
672 341
673 609
674 130
675 670
676 307
677 611
678 385
679 140
680 383
681 275
682 118
683 622
684 93
685 355
686 26
687 73
688 646
689 53
690 605
691 129
692 393
693 487
694 7
695 324
696 117
697 0
698 101
699 317
700 397
701 595
702 367
703 201
704 287
705 473
706 208
707 318
708 485
709 237
710 337
711 709
712 194
713 5
714 63
715 573
716 126
717 43
718 665
719 16
720 310
721 279
722 361
723 596
724 31
725 578
726 339
727 440
728 349
729 682
730 578
731 472
732 295
733 342
734 454
735 61
736 98
737 292
738 735
739 113
740 96
741 193
742 627
743 143
744 492
745 187
746 414
747 5
748 536
749 290
750 362
751 705
752 345
753 525
754 7
755 507
756 423
757 227
758 42
759 333
760 629
761 712
762 226
763 400
764 409
765 413
766 485
767 700
768 114
769 666
770 420
771 167
772 338
773 228
774 755
775 151
776 375
777 292
778 605
779 229
780 150
781 583
782 772
783 737
784 756
785 496
786 202
787 451
788 8
789 585
790 86
791 395
792 561
793 413
794 64
795 707
796 585
797 23
798 513
799 237
800 228
801 672
802 85
803 31
804 444
805 700
806 267
807 231
808 281
809 396
810 167
811 596
812 773
813 473
814 17
815 489
816 233
817 276
818 9
819 130
820 59
821 549
822 309
823 734
824 598
825 722
826 60
827 452
828 319
829 715
830 110
831 792
832 587
833 42
834 630
835 567
836 565
837 199
838 443
839 321
840 421
841 520
842 527
843 161
844 360
845 298
846 511
847 231
848 302
849 219
850 293
851 825
852 608
853 244
854 802
855 140
856 702
857 355
858 629
859 159
860 341
861 198
862 98
863 468
864 378
865 581
866 686
867 72
868 571
869 15
870 859
871 157
872 96
873 259
874 402
875 105
876 588
877 647
878 826
879 874
880 662
881 364
882 214
883 338
884 515
885 615
886 60
887 318
888 87
889 1
890 427
891 450
892 113
893 371
894 669
895 828
896 199
897 797
898 62
899 267
900 895
901 883
902 778
903 320
904 60
905 603
906 537
907 58
908 869
909 325
910 68
911 877
912 309
913 718
914 893
915 435
916 627
917 492
918 755
919 813
920 900
921 30
922 136
923 801
924 263
925 89
926 88
927 200
928 869
929 104
930 134
931 366
932 188
933 891
934 402
935 137
936 199
937 803
938 310
939 768
940 271
941 705
942 371
943 546
944 159
945 81
946 407
947 917
948 905
949 74
950 702
951 148
952 145
953 187
954 393
955 266
956 837
957 536
958 849
959 708
960 137
961 695
962 788
963 867
964 184
965 445
966 619
967 753
968 811
969 683
970 868
971 603
972 525
973 286
974 714
975 480
976 25
977 929
978 473
979 505
980 728
981 178
982 805
983 913
984 3
985 159
986 471
987 98
988 89
989 336
990 752
991 558
992 37
993 439
994 970
995 532
996 252
997 140
998 269
999 327
918 941
892 93
243 558
789 593
989 759
530 744
393 133
18 487
972 530
282 123
51 65
83 464
711 766
703 152
331 59
214 232
179 116
745 236
899 468
634 555
649 897
134 557
264 802
984 761
874 584
460 178
985 986
244 881
194 395
282 999
566 639
59 777
670 43
252 750
515 33
828 940
464 827
406 910
252 479
297 298
583 408
725 358
873 85
117 203
457 267
379 114
585 838
76 715
52 940
10 565
440 186
872 575
830 825
397 181
738 616
920 183
1 805
556 187
239 77
544 770
27 752
94 591
399 403
893 308
359 261
998 63
533 75
56 954
447 943
208 952
566 90
864 675
787 274
146 475
128 959
226 737
537 192
198 201
13 483
418 430
245 953
796 247
95 103
33 367
183 33
874 970
171 433
334 836
898 797
173 404
136 199
551 645
80 157
871 517
751 377
999 710
864 571
761 537
26 730
695 883
978 299
975 936
574 912
959 220
920 489
33 409
627 879
467 402
301 637
997 701
64 994
344 127
166 289
664 154
97 306
333 794
613 33
212 589
859 523
549 432
370 953
385 350
620 566
601 155
226 426
766 519
277 185
120 439
475 638
885 525
905 768
817 847
571 359
884 669
645 72
949 44
661 99
753 671
160 6
903 358
277 850
363 775
866 435
669 232
305 613
421 766
118 274
918 175
304 681
268 124
753 976
411 723
156 706
853 601
538 779
344 421
289 576
738 967
42 187
633 751
349 460
148 946
235 156
727 318
408 787
319 79
323 873
707 27
899 570
794 455
224 618
623 325
250 111
806 269
914 414
522 0
748 518
12 531
981 633
690 928
847 785
330 569
142 311
65 158
598 118
4 54
883 134
866 761
461 749
724 828
78 528
370 670
841 695
796 103
520 974
721 105
922 919
319 278
879 925
248 281
521 180
566 465
298 108
795 823
884 301
87 392
377 884
94 942
599 651
893 954
231 758
593 356
155 810
325 339
834 544
110 855
241 575
100 803
999 480
607 745
797 707
179 502
968 278
946 812
372 478
389 414
903 830
55 6
464 220
477 595
946 715
286 878
401 931
347 899
927 421
322 380
275 954
573 705
791 740
306 348
844 52
855 313
316 705
565 411
652 602
517 114
956 331
547 792
980 604
238 938
813 648
776 316
162 224
833 805
289 255
818 770
937 569
256 158
225 780
824 383
891 113
561 276
483 156
634 898
880 710
673 702
286 460
669 301
46 824
625 263
243 853
734 993
361 289
763 42
867 235
100 70
9 923
300 350
77 617
760 896
592 149
601 946
758 430
621 498
899 814
939 737
312 506
138 519
854 704
325 88
158 33
460 931
282 77
642 699
884 38
703 926
417 669
225 722
33 761
340 344
837 182
243 137
61 201
913 782
726 730
609 564
525 322
566 803
275 108
304 535
180 544
284 519
597 402
334 331
530 649
22 995
193 892
916 699
326 783
225 978
444 211
643 890
733 691
789 370
942 250
81 134
226 699
19 624
946 680
811 136
693 372
286 23
706 76
570 385
951 607
276 929
460 207
776 494
689 360
708 539
321 661
722 821
794 578
616 541
962 659
861 493
480 556
698 592
971 674
178 265
107 262
415 893
387 85
895 228
641 396
887 639
238 543
96 57
134 410
811 184
599 191
749 997
692 753
659 754
311 743
207 807
39 539
891 408
569 714
817 379
430 367
204 94
297 272
155 74
960 33
989 521
257 660
569 55
795 576
430 989
470 543
542 863
410 693
261 258
963 162
736 953
781 365
632 813
364 346
498 147
85 355
276 695
143 756
133 974
416 688
170 769
197 18
961 149
930 14
948 279
642 893
419 502
436 751
62 209
954 435
950 447
823 722
759 597
76 714
85 769
175 526
791 758
864 139
956 49
73 949
568 71
954 895
883 953
895 586
479 24
238 85
365 995
784 890
938 232
188 98
723 238
122 934
386 16
939 766
299 886
466 911
232 430
711 589
868 280
168 713
208 926
892 955
945 674
534 608
314 914
18 430
515 167
47 893
670 604
745 408
297 841
658 105
901 790
220 26
330 77
461 919
325 624
816 578
551 690
420 350
595 290
251 141
387 985
689 869
0 997
695 397
964 894
963 325
773 973
774 235
457 189
345 610
1 625
285 357
659 973
366 346
984 609
995 817
406 184
860 323
139 295
104 464
935 224
18 72
684 62
0 251
733 259
920 949
752 702
951 9
577 160
576 766
877 837
837 63
304 567
628 187
267 230
489 613
77 853
972 687
669 118
679 959
9 149
303 836
118 953
236 377
