1000
1 0
2 0
3 2
4 0
5 4
6 3
7 0
8 3
9 0
10 9
11 5
12 8
13 6
14 10
15 10
16 3
17 1
18 11
19 11
20 10
21 17
22 4
23 19
24 9
25 6
26 19
27 19
28 15
29 1
30 15
31 4
32 17
33 17
34 10
35 22
36 0
37 10
38 30
39 36
40 32
41 22
42 35
43 18
44 33
45 28
46 31
47 42
48 35
49 35
50 46
51 3
52 4
53 18
54 42
55 24
56 48
57 15
58 0
59 24
60 33
61 11
62 32
63 48
64 57
65 33
66 36
67 54
68 10
69 29
70 8
71 1
72 56
73 40
74 3
75 66
76 54
77 44
78 26
79 15
80 34
81 61
82 18
83 1
84 83
85 81
86 54
87 56
88 6
89 83
90 82
91 27
92 57
93 59
94 78
95 0
96 61
97 60
98 14
99 4
100 82
101 54
102 68
103 68
104 73
105 82
106 18
107 34
108 77
109 43
110 65
111 59
112 103
113 72
114 41
115 30
116 65
117 67
118 102
119 94
120 119
121 57
122 21
123 106
124 65
125 11
126 64
127 85
128 127
129 33
130 26
131 13
132 116
133 83
134 130
135 55
136 118
137 113
138 98
139 22
140 60
141 117
142 37
143 35
144 6
145 107
146 87
147 110
148 96
149 34
150 113
151 60
152 62
153 110
154 135
155 89
156 19
157 39
158 141
159 151
160 87
161 4
162 88
163 145
164 56
165 75
166 89
167 75
168 108
169 161
170 93
171 2
172 50
173 92
174 116
175 102
176 98
177 29
178 112
179 111
180 159
181 76
182 97
183 83
184 48
185 93
186 154
187 22
188 14
189 33
190 146
191 77
192 54
193 0
194 25
195 193
196 90
197 36
198 80
199 114
200 7
201 198
202 190
203 101
204 143
205 0
206 153
207 106
208 177
209 92
210 89
211 35
212 50
213 76
214 174
215 128
216 81
217 180
218 44
219 1
220 142
221 46
222 22
223 103
224 16
225 11
226 37
227 33
228 227
229 150
230 25
231 207
232 139
233 19
234 83
235 221
236 3
237 187
238 107
239 214
240 52
241 27
242 168
243 153
244 109
245 32
246 3
247 92
248 12
249 243
250 45
251 76
252 148
253 196
254 51
255 35
256 36
257 88
258 116
259 110
260 198
261 114
262 171
263 54
264 219
265 264
266 265
267 151
268 95
269 127
270 61
271 149
272 98
273 43
274 77
275 257
276 92
277 95
278 9
279 187
280 70
281 121
282 156
283 83
284 86
285 256
286 100
287 20
288 40
289 16
290 12
291 142
292 163
293 50
294 239
295 115
296 4
297 242
298 199
299 33
300 257
301 285
302 124
303 145
304 205
305 143
306 168
307 103
308 136
309 93
310 150
311 23
312 235
313 36
314 273
315 202
316 18
317 189
318 192
319 109
320 78
321 200
322 233
323 88
324 42
325 18
326 238
327 303
328 241
329 145
330 245
331 8
332 199
333 183
334 162
335 172
336 170
337 117
338 254
339 219
340 103
341 124
342 313
343 232
344 174
345 84
346 326
347 229
348 295
349 60
350 50
351 119
352 287
353 190
354 198
355 311
356 67
357 135
358 23
359 112
360 263
361 198
362 51
363 292
364 352
365 252
366 166
367 20
368 332
369 263
370 355
371 299
372 119
373 190
374 277
375 9
376 132
377 366
378 120
379 278
380 324
381 338
382 85
383 379
384 175
385 214
386 213
387 150
388 2
389 156
390 29
391 385
392 290
393 55
394 192
395 350
396 272
397 21
398 383
399 139
400 200
401 99
402 292
403 308
404 119
405 229
406 145
407 96
408 336
409 87
410 97
411 34
412 212
413 249
414 271
415 260
416 340
417 188
418 18
419 150
420 0
421 123
422 62
423 331
424 277
425 186
426 172
427 168
428 43
429 381
430 372
431 303
432 194
433 404
434 366
435 180
436 55
437 244
438 184
439 137
440 376
441 167
442 181
443 37
444 336
445 7
446 245
447 418
448 32
449 234
450 19
451 274
452 143
453 318
454 435
455 361
456 253
457 400
458 75
459 314
460 405
461 197
462 276
463 386
464 349
465 68
466 318
467 239
468 99
469 274
470 19
471 222
472 461
473 238
474 156
475 270
476 405
477 75
478 26
479 448
480 104
481 57
482 358
483 444
484 237
485 336
486 94
487 401
488 374
489 293
490 75
491 405
492 122
493 309
494 144
495 168
496 398
497 379
498 339
499 457
500 247
501 207
502 107
503 135
504 38
505 451
506 502
507 336
508 412
509 423
510 301
511 205
512 311
513 305
514 297
515 102
516 45
517 130
518 187
519 45
520 372
521 505
522 482
523 443
524 383
525 456
526 182
527 351
528 233
529 279
530 193
531 91
532 468
533 54
534 154
535 297
536 509
537 401
538 433
539 140
540 231
541 317
542 399
543 294
544 90
545 166
546 64
547 108
548 259
549 546
550 86
551 86
552 322
553 143
554 422
555 358
556 127
557 103
558 521
559 116
560 129
561 121
562 177
563 469
564 201
565 199
566 361
567 515
568 423
569 391
570 451
571 544
572 220
573 282
574 542
575 419
576 173
577 203
578 454
579 105
580 547
581 141
582 194
583 5
584 116
585 169
586 398
587 518
588 442
589 518
590 118
591 378
592 331
593 24
594 111
595 17
596 357
597 440
598 129
599 419
600 368
601 447
602 379
603 509
604 306
605 184
606 439
607 435
608 203
609 66
610 113
611 359
612 114
613 45
614 28
615 64
616 176
617 260
618 186
619 80
620 404
621 364
622 259
623 354
624 43
625 148
626 129
627 312
628 254
629 575
630 604
631 160
632 595
633 212
634 583
635 271
636 481
637 407
638 459
639 595
640 393
641 319
642 297
643 31
644 182
645 598
646 99
647 476
648 336
649 117
650 352
651 275
652 565
653 368
654 440
655 334
656 436
657 534
658 441
659 456
660 344
661 195
662 118
663 293
664 581
665 548
666 559
667 601
668 230
669 585
670 457
671 455
672 346
673 488
674 393
675 621
676 85
677 465
678 578
679 540
680 360
681 453
682 404
683 267
684 114
685 42
686 514
687 666
688 75
689 571
690 654
691 39
692 477
693 431
694 100
695 537
696 465
697 114
698 597
699 682
700 695
701 558
702 186
703 259
704 116
705 15
706 479
707 584
708 446
709 560
710 216
711 646
712 502
713 654
714 688
715 26
716 641
717 432
718 469
719 44
720 115
721 498
722 160
723 41
724 6
725 390
726 452
727 333
728 20
729 194
730 317
731 386
732 658
733 639
734 219
735 548
736 649
737 622
738 173
739 187
740 549
741 431
742 48
743 312
744 596
745 358
746 167
747 162
748 544
749 589
750 546
751 211
752 130
753 563
754 148
755 621
756 116
757 143
758 659
759 342
760 234
761 252
762 472
763 529
764 418
765 422
766 667
767 623
768 461
769 192
770 643
771 391
772 770
773 498
774 172
775 448
776 598
777 538
778 711
779 133
780 462
781 687
782 628
783 532
784 666
785 166
786 177
787 683
788 298
789 732
790 212
791 107
792 542
793 475
794 752
795 690
796 7
797 98
798 734
799 93
800 757
801 770
802 189
803 54
804 126
805 613
806 491
807 149
808 777
809 193
810 508
811 553
812 215
813 408
814 757
815 665
816 159
817 617
818 782
819 25
820 324
821 795
822 641
823 357
824 646
825 238
826 539
827 115
828 541
829 802
830 695
831 733
832 309
833 691
834 755
835 47
836 51
837 836
838 92
839 464
840 113
841 625
842 462
843 737
844 367
845 696
846 496
847 751
848 118
849 477
850 732
851 671
852 474
853 251
854 71
855 320
856 187
857 200
858 601
859 54
860 320
861 794
862 711
863 642
864 289
865 856
866 635
867 825
868 571
869 376
870 78
871 745
872 570
873 302
874 483
875 278
876 662
877 91
878 601
879 521
880 659
881 165
882 579
883 23
884 600
885 433
886 623
887 412
888 108
889 481
890 651
891 141
892 332
893 237
894 138
895 840
896 588
897 15
898 668
899 428
900 281
901 657
902 656
903 197
904 799
905 652
906 287
907 663
908 333
909 579
910 194
911 172
912 762
913 550
914 302
915 22
916 363
917 546
918 220
919 186
920 283
921 602
922 71
923 313
924 314
925 207
926 401
927 443
928 651
929 180
930 494
931 288
932 265
933 377
934 352
935 0
936 869
937 671
938 381
939 589
940 826
941 282
942 855
943 723
944 862
945 387
946 559
947 277
948 877
949 443
950 915
951 887
952 397
953 862
954 376
955 54
956 77
957 869
958 440
959 560
960 882
961 464
962 843
963 104
964 179
965 168
966 133
967 561
968 728
969 272
970 281
971 394
972 415
973 257
974 744
975 321
976 308
977 105
978 672
979 293
980 136
981 116
982 195
983 618
984 493
985 954
986 759
987 57
988 232
989 850
990 795
991 67
992 244
993 770
994 681
995 131
996 475
997 585
998 856
999 335
267 953
133 898
483 322
952 944
575 116
930 674
963 663
913 377
360 893
592 370
574 527
224 331
678 493
490 190
153 123
866 632
699 703
25 163
838 982
233 744
29 814
845 144
46 630
765 529
74 458
779 734
36 443
789 143
667 619
839 24
182 454
580 413
915 836
617 491
924 603
830 962
879 81
34 151
753 623
218 317
638 273
525 771
935 929
583 257
696 180
216 820
525 964
592 921
281 893
898 990
714 131
2 588
908 992
300 273
680 844
291 962
233 213
354 653
332 30
874 76
577 963
417 437
306 154
915 335
606 525
120 608
283 180
434 881
494 40
913 723
696 858
828 498
407 706
414 519
317 492
955 916
169 540
534 617
201 602
896 755
865 673
143 364
226 777
33 510
970 52
979 856
539 950
90 3
347 165
133 855
848 472
725 62
462 52
635 546
270 665
292 370
4 892
347 495
541 590
283 109
467 721
839 70
207 130
233 752
114 498
539 687
992 790
149 565
113 879
851 357
949 124
434 343
876 83
624 941
407 446
381 948
918 986
761 775
367 11
851 182
360 860
740 43
785 2
350 837
193 840
852 93
747 621
727 374
324 905
105 450
268 103
866 607
623 620
893 688
911 86
359 192
8 951
827 937
559 137
764 210
672 267
480 496
411 298
534 203
145 763
692 81
521 12
39 648
250 18
575 973
540 53
662 970
775 680
534 67
287 949
804 65
283 85
501 888
729 325
747 731
391 364
891 623
256 857
687 533
234 545
667 401
128 78
550 328
945 483
255 534
227 83
169 925
725 410
85 602
281 172
43 617
306 793
700 112
39 514
78 1
963 141
605 722
481 979
915 374
689 363
940 790
761 456
208 346
883 29
997 561
583 993
169 369
309 734
737 856
721 595
913 457
771 369
753 450
217 650
215 417
996 885
695 727
60 190
500 197
337 475
113 219
591 178
625 40
445 629
831 971
770 416
763 471
244 785
482 166
990 165
769 372
437 828
389 228
704 299
265 841
50 439
805 482
78 129
320 224
749 405
210 716
230 28
953 233
163 746
326 417
891 770
106 996
138 261
546 691
81 817
812 362
243 190
901 643
478 908
25 375
322 528
382 696
361 661
926 523
643 240
23 57
189 556
344 28
101 515
122 654
84 486
752 44
384 811
693 522
965 350
697 785
856 763
383 803
264 295
166 631
961 398
642 608
846 550
199 808
978 875
169 329
643 660
906 540
772 259
97 443
582 450
3 272
202 601
361 137
309 404
198 755
585 440
947 883
75 726
601 692
734 632
899 554
396 657
325 589
4 185
156 961
717 174
68 674
5 454
768 909
22 545
433 34
478 651
614 630
433 951
557 108
269 447
875 155
58 312
358 187
508 874
532 761
526 933
15 923
949 823
56 677
526 938
508 713
429 323
31 20
187 860
652 653
939 372
439 154
169 692
775 195
719 114
499 23
46 378
488 613
773 744
812 555
569 875
522 650
129 547
426 115
173 27
868 826
867 234
593 560
493 435
55 856
34 604
823 423
663 979
564 126
330 156
458 115
227 496
248 251
744 624
467 389
35 991
577 160
266 685
551 660
898 640
311 942
585 116
898 901
167 907
694 49
632 904
492 619
297 445
297 39
636 205
526 423
305 460
598 337
659 554
387 761
781 390
222 569
71 839
65 356
969 894
578 914
882 431
191 165
85 63
129 411
601 167
727 836
348 742
503 947
779 621
634 906
81 963
637 46
433 769
136 873
385 512
293 126
93 742
447 999
413 936
501 386
301 809
529 74
719 569
401 394
758 289
945 708
81 586
314 168
747 749
907 816
611 829
827 200
445 353
224 915
124 749
992 664
322 192
393 507
221 745
951 976
768 978
858 659
507 479
168 363
16 280
310 101
588 377
575 492
525 578
102 877
174 435
494 905
740 96
628 92
84 130
341 483
604 581
514 98
924 395
669 605
477 691
726 144
709 462
906 96
677 443
455 28
428 610
184 59
316 105
239 264
88 950
182 766
76 607
939 186
529 989
413 456
332 975
359 286
577 147
768 77
161 39
491 421
213 54
874 512
726 614
555 807
427 285
572 160
974 164
352 321
260 476
150 967
278 605
458 863
960 630
450 597
190 406
407 227
710 49
166 809
910 846
450 83
547 469
288 32
19 734
223 382
240 476
889 403
753 329
187 183
78 75
885 565
367 76
694 128
378 647
887 530
320 942
130 792
171 97
663 977
654 209
290 293
409 82
269 19
239 935
206 338
622 647
884 273
74 589
323 698
702 261
418 280
728 786
998 996
995 994
990 988
987 985
984 983
981 980
978 972
970 968
966 963
962 961
959 958
957 956
953 950
947 946
945 943
942 939
935 934
932 931
928 927
924 922
920 919
917 912
908 907
905 903
902 901
900 898
897 895
891 890
887 886
885 883
882 880
879 878
877 872
871 870
869 866
864 862
861 860
859 858
856 855
854 853
851 849
847 846
842 840
835 834
833 832
828 827
826 824
823 822
821 819
818 815
813 812
810 809
806 801
800 798
797 796
795 791
790 788
787 784
783 780
779 778
777 776
774 771
769 767
761 760
757 756
754 750
748 745
744 743
742 741
740 739
738 737
736 735
732 730
728 725
724 723
721 720
719 718
715 712
711 707
705 701
696 694
688 686
684 680
679 677
676 675
674 672
671 670
666 665
663 662
660 659
657 655
654 653
652 650
647 646
645 644
643 642
641 635
633 628
627 626
625 624
622 621
619 617
616 615
614 613
612 609
608 607
601 599
597 594
592 589
587 585
581 579
576 575
573 571
568 567
566 562
561 555
554 552
548 545
544 543
542 541
540 536
535 532
531 529
525 524
522 520
518 517
516 515
513 512
511 509
507 506
504 502
501 498
497 489
488 487
485 484
483 479
478 473
472 470
467 466
465 464
463 462
461 456
455 451
449 448
446 443
440 438
437 435
434 430
428 425
424 423
422 420
419 412
411 407
405 404
402 394
392 390
389 388
387 385
382 380
373 372
371 370
369 368
366 365
361 358
354 352
347 346
345 344
338 337
335 333
332 329
327 326
325 323
322 321
320 318
317 315
313 309
308 307
305 304
303 302
301 299
298 296
295 290
289 288
285 284
283 282
281 280
274 273
271 270
269 263
262 261
259 258
257 256
254 252
251 246
245 243
240 239
237 236
234 233
232 230
229 227
225 222
221 220
219 216
215 214
210 207
204 202
201 200
199 194
193 187
183 174
171 169
167 166
165 162
161 160
159 158
157 154
152 142
141 139
138 134
133 131
130 129
125 124
123 122
121 120
119 118
116 113
111 108
107 105
104 103
102 100
97 96
95 94
93 92
91 88
86 85
82 80
79 76
75 70
69 68
67 66
57 56
55 49
48 45
44 43
42 41
40 39
36 33
26 24
21 20
18 17
14 11
10 9
