1000
1 0
2 0
3 0
4 2
5 1
6 0
7 4
8 2
9 0
10 4
11 8
12 3
13 3
14 10
15 14
16 8
17 15
18 8
19 2
20 9
21 6
22 13
23 0
24 19
25 1
26 3
27 24
28 14
29 12
30 19
31 3
32 4
33 31
34 7
35 8
36 4
37 14
38 5
39 5
40 26
41 11
42 20
43 29
44 39
45 11
46 20
47 30
48 10
49 6
50 45
51 15
52 45
53 45
54 2
55 49
56 53
57 51
58 33
59 49
60 5
61 3
62 60
63 57
64 36
65 44
66 38
67 50
68 22
69 5
70 12
71 52
72 43
73 23
74 24
75 58
76 67
77 17
78 26
79 10
80 54
81 77
82 39
83 36
84 5
85 14
86 2
87 44
88 59
89 87
90 84
91 40
92 42
93 50
94 9
95 30
96 27
97 69
98 46
99 51
100 78
101 66
102 23
103 41
104 66
105 41
106 82
107 32
108 101
109 7
110 99
111 36
112 35
113 78
114 56
115 81
116 30
117 101
118 18
119 36
120 103
121 37
122 42
123 96
124 7
125 97
126 76
127 88
128 119
129 21
130 100
131 87
132 48
133 74
134 129
135 90
136 128
137 66
138 69
139 24
140 95
141 43
142 100
143 132
144 134
145 42
146 126
147 96
148 66
149 123
150 79
151 17
152 5
153 82
154 151
155 28
156 78
157 59
158 60
159 32
160 94
161 148
162 25
163 26
164 20
165 113
166 129
167 142
168 60
169 57
170 75
171 5
172 119
173 39
174 82
175 8
176 83
177 58
178 103
179 82
180 59
181 42
182 159
183 163
184 131
185 45
186 81
187 185
188 98
189 171
190 63
191 138
192 115
193 41
194 59
195 23
196 10
197 176
198 44
199 130
200 104
201 139
202 46
203 26
204 79
205 85
206 91
207 186
208 158
209 61
210 142
211 108
212 28
213 129
214 161
215 181
216 139
217 127
218 112
219 113
220 187
221 118
222 67
223 46
224 16
225 36
226 169
227 59
228 54
229 89
230 175
231 171
232 9
233 217
234 73
235 25
236 34
237 230
238 148
239 190
240 154
241 57
242 41
243 134
244 45
245 13
246 173
247 83
248 121
249 54
250 34
251 103
252 85
253 203
254 51
255 25
256 246
257 116
258 236
259 213
260 101
261 159
262 144
263 184
264 218
265 145
266 204
267 86
268 97
269 78
270 38
271 3
272 171
273 248
274 182
275 1
276 210
277 98
278 79
279 171
280 267
281 76
282 187
283 20
284 140
285 210
286 253
287 53
288 81
289 232
290 124
291 88
292 166
293 75
294 92
295 80
296 32
297 123
298 130
299 49
300 94
301 158
302 60
303 196
304 231
305 68
306 129
307 87
308 231
309 24
310 21
311 228
312 75
313 22
314 164
315 187
316 121
317 268
318 166
319 258
320 284
321 269
322 39
323 66
324 208
325 200
326 191
327 34
328 247
329 176
330 154
331 258
332 2
333 170
334 247
335 17
336 128
337 313
338 88
339 325
340 220
341 130
342 74
343 189
344 325
345 4
346 171
347 31
348 74
349 301
350 250
351 242
352 288
353 44
354 41
355 33
356 77
357 349
358 143
359 213
360 219
361 95
362 262
363 185
364 234
365 195
366 153
367 91
368 187
369 323
370 149
371 263
372 362
373 291
374 36
375 55
376 134
377 194
378 104
379 217
380 361
381 33
382 55
383 107
384 239
385 107
386 70
387 254
388 45
389 258
390 80
391 174
392 135
393 269
394 146
395 236
396 273
397 18
398 163
399 213
400 203
401 59
402 76
403 177
404 112
405 92
406 206
407 181
408 330
409 53
410 266
411 305
412 361
413 217
414 236
415 311
416 190
417 199
418 379
419 114
420 146
421 203
422 134
423 44
424 392
425 389
426 155
427 315
428 243
429 254
430 362
431 386
432 5
433 200
434 248
435 389
436 286
437 419
438 194
439 249
440 325
441 353
442 407
443 360
444 190
445 286
446 321
447 345
448 128
449 341
450 100
451 187
452 297
453 179
454 208
455 14
456 177
457 277
458 337
459 16
460 36
461 164
462 233
463 182
464 61
465 39
466 227
467 400
468 220
469 306
470 282
471 198
472 370
473 366
474 233
475 111
476 204
477 45
478 471
479 241
480 42
481 243
482 419
483 322
484 47
485 260
486 26
487 186
488 335
489 25
490 362
491 78
492 88
493 64
494 391
495 454
496 342
497 67
498 247
499 475
500 254
501 337
502 117
503 360
504 470
505 246
506 192
507 52
508 111
509 69
510 446
511 359
512 457
513 318
514 294
515 30
516 323
517 222
518 1
519 351
520 30
521 14
522 388
523 28
524 88
525 11
526 74
527 510
528 133
529 197
530 27
531 364
532 216
533 385
534 445
535 122
536 205
537 121
538 398
539 17
540 24
541 402
542 477
543 236
544 229
545 120
546 424
547 303
548 545
549 277
550 302
551 424
552 393
553 419
554 433
555 216
556 394
557 239
558 553
559 15
560 190
561 127
562 269
563 257
564 239
565 175
566 223
567 152
568 458
569 175
570 269
571 272
572 518
573 222
574 55
575 248
576 30
577 181
578 455
579 464
580 189
581 523
582 199
583 536
584 493
585 240
586 409
587 51
588 344
589 81
590 239
591 26
592 308
593 41
594 450
595 568
596 274
597 135
598 517
599 584
600 482
601 197
602 543
603 379
604 121
605 173
606 268
607 585
608 431
609 589
610 462
611 243
612 7
613 420
614 491
615 548
616 566
617 469
618 105
619 437
620 377
621 347
622 231
623 184
624 620
625 60
626 586
627 366
628 392
629 248
630 183
631 549
632 360
633 197
634 225
635 511
636 65
637 565
638 247
639 632
640 491
641 302
642 236
643 521
644 416
645 477
646 338
647 456
648 399
649 308
650 629
651 195
652 449
653 621
654 214
655 48
656 58
657 598
658 269
659 78
660 455
661 75
662 159
663 217
664 57
665 398
666 117
667 274
668 274
669 606
670 565
671 308
672 391
673 667
674 170
675 414
676 470
677 617
678 264
679 410
680 469
681 1
682 147
683 650
684 348
685 404
686 5
687 177
688 353
689 183
690 463
691 590
692 171
693 441
694 664
695 56
696 625
697 520
698 509
699 535
700 388
701 439
702 701
703 543
704 695
705 345
706 173
707 158
708 567
709 78
710 124
711 290
712 252
713 638
714 655
715 382
716 515
717 511
718 292
719 290
720 262
721 350
722 65
723 201
724 642
725 399
726 132
727 268
728 140
729 436
730 11
731 144
732 100
733 548
734 216
735 91
736 110
737 379
738 287
739 250
740 26
741 652
742 1
743 201
744 239
745 721
746 237
747 618
748 684
749 530
750 82
751 682
752 669
753 278
754 95
755 647
756 433
757 124
758 154
759 115
760 109
761 649
762 73
763 528
764 108
765 621
766 534
767 81
768 545
769 155
770 47
771 464
772 99
773 341
774 425
775 518
776 419
777 731
778 156
779 481
780 185
781 429
782 368
783 410
784 281
785 330
786 630
787 286
788 373
789 292
790 239
791 643
792 401
793 650
794 172
795 745
796 426
797 783
798 8
799 320
800 643
801 436
802 291
803 212
804 662
805 791
806 310
807 153
808 668
809 63
810 200
811 243
812 57
813 505
814 391
815 682
816 639
817 53
818 342
819 704
820 481
821 194
822 724
823 778
824 131
825 68
826 64
827 304
828 585
829 485
830 466
831 645
832 202
833 440
834 597
835 427
836 119
837 780
838 316
839 608
840 613
841 565
842 177
843 812
844 168
845 71
846 396
847 578
848 482
849 494
850 71
851 398
852 801
853 95
854 451
855 159
856 824
857 754
858 493
859 127
860 477
861 78
862 840
863 824
864 7
865 159
866 121
867 474
868 427
869 523
870 79
871 806
872 363
873 619
874 371
875 193
876 542
877 254
878 145
879 162
880 376
881 452
882 200
883 792
884 401
885 387
886 455
887 251
888 324
889 468
890 527
891 520
892 246
893 450
894 0
895 668
896 849
897 756
898 86
899 498
900 377
901 488
902 425
903 783
904 178
905 168
906 834
907 431
908 264
909 410
910 851
911 16
912 850
913 31
914 57
915 70
916 521
917 474
918 332
919 852
920 66
921 556
922 175
923 595
924 201
925 152
926 582
927 838
928 570
929 80
930 346
931 111
932 620
933 61
934 783
935 382
936 541
937 109
938 624
939 624
940 908
941 369
942 247
943 714
944 647
945 655
946 224
947 515
948 857
949 759
950 560
951 714
952 695
953 99
954 771
955 96
956 416
957 445
958 795
959 411
960 855
961 874
962 111
963 62
964 882
965 556
966 309
967 84
968 745
969 746
970 430
971 327
972 116
973 734
974 56
975 157
976 217
977 636
978 49
979 382
980 878
981 839
982 425
983 945
984 927
985 791
986 730
987 865
988 661
989 167
990 883
991 899
992 60
993 810
994 559
995 978
996 255
997 492
998 864
999 173
289 631
908 799
390 419
747 132
685 192
266 208
923 385
73 948
222 297
287 25
103 214
969 143
724 298
304 950
697 574
38 937
203 535
684 228
616 746
971 602
663 387
61 329
776 817
479 353
951 94
662 375
778 370
370 416
780 247
723 752
869 872
535 179
648 146
214 971
706 884
442 360
410 171
102 653
361 646
57 855
454 977
575 745
990 388
389 538
775 147
246 392
816 33
79 494
71 365
516 633
134 247
709 48
427 180
928 65
402 796
844 313
113 501
175 772
551 345
53 514
498 418
565 346
45 301
770 472
578 188
331 913
969 958
463 600
181 345
289 154
639 912
595 443
842 303
946 747
962 339
990 43
697 655
916 393
64 968
914 644
334 866
231 121
104 452
589 227
453 47
299 265
21 236
459 850
965 194
756 772
74 895
629 113
720 934
95 987
709 311
622 902
191 988
588 195
702 23
458 646
239 121
611 701
854 5
7 281
280 571
841 865
250 513
405 793
258 796
650 258
824 780
607 402
0 669
686 476
982 186
610 779
222 828
894 457
464 952
451 580
965 70
621 495
408 789
11 822
700 189
633 250
397 332
803 429
573 186
41 96
575 176
34 344
216 971
910 288
454 503
276 31
800 406
212 882
312 560
226 644
473 924
639 681
177 604
238 914
268 126
624 3
794 863
237 137
278 867
672 919
292 503
701 695
823 352
121 365
228 36
510 647
518 317
298 457
799 334
363 158
567 702
73 368
12 658
399 680
583 279
968 793
686 389
450 783
692 599
882 789
121 430
700 732
991 173
692 248
394 288
358 499
643 454
318 277
250 325
77 227
421 444
946 860
337 11
168 675
851 55
385 471
332 683
167 902
95 64
642 807
120 716
476 599
563 169
205 444
574 140
451 637
12 526
201 138
775 87
139 568
586 678
580 13
792 397
156 721
499 897
329 133
701 912
416 262
716 619
8 625
118 819
604 683
994 935
163 432
342 587
134 337
34 901
333 355
249 401
454 906
879 725
843 949
243 470
742 330
106 681
868 186
29 166
996 159
113 958
315 882
841 645
85 514
698 682
417 895
747 220
57 372
342 951
661 610
239 588
35 609
641 734
253 577
983 361
544 255
550 829
436 196
332 624
236 71
900 953
492 907
42 56
426 771
389 428
395 289
262 605
915 670
460 111
447 924
505 616
315 431
556 416
683 665
251 183
896 189
741 798
210 156
106 395
12 779
48 247
833 982
11 100
968 333
791 992
662 404
973 655
889 961
960 61
501 791
779 512
597 719
361 763
135 862
976 111
788 633
138 13
242 37
354 775
256 923
496 220
230 264
553 82
95 123
286 13
20 872
422 14
38 633
43 63
727 444
38 202
413 712
472 273
908 617
15 289
847 363
417 528
715 747
455 517
704 968
905 446
829 745
146 52
87 224
224 20
677 628
202 79
683 908
886 432
705 631
606 829
800 233
30 903
809 768
69 156
41 333
582 540
636 949
882 504
381 823
339 830
479 968
671 17
451 970
799 62
191 651
12 401
311 370
773 366
555 276
182 619
13 916
865 954
653 858
826 181
163 794
393 978
935 557
545 342
232 349
848 398
616 73
355 24
233 536
128 832
23 475
719 870
168 115
925 325
932 306
710 79
781 581
902 835
555 278
973 945
639 953
565 236
698 252
785 118
233 529
707 330
103 552
514 850
839 629
79 904
956 538
914 778
720 677
558 935
645 649
773 245
91 826
425 421
127 418
433 743
628 1
428 767
480 161
253 865
942 655
754 56
835 933
371 258
751 461
620 647
474 320
431 248
409 845
129 565
484 797
487 671
21 122
157 52
670 216
146 472
103 260
364 360
972 417
675 458
103 793
381 777
599 0
798 277
276 509
769 175
77 282
143 426
856 562
866 484
213 690
943 411
744 752
751 221
818 56
272 72
507 238
4 209
902 797
110 160
752 710
468 15
702 956
373 635
74 412
257 300
545 611
695 607
245 527
895 322
402 399
29 855
23 335
494 634
396 627
771 741
786 524
559 763
922 569
222 872
86 21
476 799
246 334
726 294
193 390
657 404
753 58
534 43
872 912
279 409
732 45
209 544
237 388
933 948
863 51
565 693
153 368
423 330
376 800
9 326
648 632
257 127
689 565
599 936
858 333
923 657
292 440
924 413
901 17
284 553
280 743
693 756
782 513
39 377
963 414
978 361
727 881
611 902
863 715
317 418
95 435
973 151
871 112
241 712
287 880
165 587
200 313
420 778
417 124
936 631
690 369
927 13
737 133
346 869
999 998
997 995
993 990
989 986
985 984
982 981
980 979
975 974
969 967
966 965
964 959
958 957
956 955
953 951
949 948
947 946
945 944
941 940
939 938
936 933
931 930
929 927
926 921
920 918
917 916
911 909
908 901
898 893
892 891
890 888
887 885
877 876
875 873
872 869
866 865
861 859
858 853
851 846
841 839
837 836
835 831
827 826
825 823
821 820
815 814
813 811
808 805
804 802
799 798
797 796
794 792
791 790
789 787
784 783
778 774
773 772
766 765
764 763
762 761
760 758
757 755
754 751
750 749
748 747
746 745
743 741
740 739
738 736
735 734
733 732
729 728
727 724
722 721
720 719
718 717
716 715
714 713
712 711
710 709
708 704
703 701
700 699
698 697
696 695
694 693
692 691
690 688
687 686
684 683
681 679
677 676
675 674
673 671
670 669
668 666
661 660
659 657
656 654
653 649
648 647
646 644
642 640
639 636
633 632
628 626
625 624
623 617
615 614
612 610
607 606
604 603
601 599
597 596
595 594
593 592
591 589
588 587
586 585
582 580
579 578
576 575
574 572
568 567
565 564
561 560
559 555
554 548
547 546
545 544
543 539
538 537
536 534
533 532
531 528
527 525
523 522
521 520
519 517
515 513
511 510
509 508
506 505
503 502
501 500
499 498
497 493
492 491
490 489
486 484
483 482
481 479
478 475
471 469
468 467
465 463
455 452
451 448
446 445
440 438
434 432
431 430
429 428
425 424
421 420
417 415
414 413
411 410
403 402
401 399
398 397
396 395
394 390
388 387
384 383
381 380
378 376
374 373
371 370
369 367
365 364
361 357
356 355
349 345
344 343
341 340
339 337
336 335
333 332
329 328
323 322
320 319
318 317
314 307
306 304
303 302
301 298
297 296
295 294
293 292
291 290
289 286
285 284
283 282
281 280
279 277
275 273
272 271
270 268
266 262
261 260
259 258
255 254
252 251
249 248
247 245
244 242
241 239
238 236
235 232
231 230
220 215
213 212
211 209
207 205
204 203
201 199
196 194
193 192
190 189
184 179
175 170
169 168
167 164
163 161
159 158
157 156
155 154
152 151
150 148
147 145
144 142
141 136
134 131
128 126
125 124
122 120
117 116
111 110
109 108
107 106
98 97
96 95
93 92
91 84
83 82
79 78
77 75
74 71
69 68
66 64
62 60
59 58
57 56
55 52
50 49
48 42
41 39
37 36
35 33
31 27
24 23
22 20
19 18
17 12
10 9
7 6
5 4
