1000
1 0
2 1
3 2
4 1
5 4
6 3
7 1
8 4
9 6
10 7
11 2
12 3
13 12
14 3
15 12
16 4
17 2
18 8
19 15
20 9
21 8
22 2
23 6
24 11
25 19
26 17
27 14
28 1
29 13
30 27
31 6
32 28
33 29
34 0
35 25
36 22
37 3
38 31
39 13
40 37
41 15
42 6
43 29
44 13
45 12
46 23
47 32
48 29
49 45
50 31
51 12
52 34
53 36
54 13
55 9
56 26
57 33
58 52
59 36
60 23
61 49
62 4
63 38
64 41
65 38
66 49
67 22
68 42
69 36
70 68
71 17
72 33
73 60
74 12
75 69
76 61
77 38
78 56
79 57
80 39
81 10
82 49
83 23
84 62
85 28
86 55
87 57
88 71
89 79
90 0
91 80
92 86
93 26
94 82
95 81
96 32
97 18
98 93
99 54
100 36
101 92
102 8
103 48
104 77
105 29
106 94
107 100
108 12
109 78
110 50
111 45
112 95
113 53
114 43
115 17
116 6
117 91
118 82
119 7
120 103
121 27
122 114
123 78
124 46
125 63
126 32
127 108
128 96
129 29
130 113
131 116
132 19
133 35
134 78
135 65
136 108
137 24
138 97
139 47
140 22
141 69
142 104
143 39
144 88
145 3
146 116
147 4
148 89
149 62
150 3
151 50
152 148
153 92
154 30
155 114
156 95
157 30
158 64
159 118
160 0
161 156
162 96
163 40
164 55
165 112
166 156
167 76
168 13
169 163
170 24
171 102
172 2
173 153
174 38
175 63
176 55
177 39
178 32
179 14
180 4
181 159
182 161
183 46
184 76
185 119
186 113
187 116
188 44
189 187
190 103
191 164
192 68
193 38
194 43
195 173
196 122
197 179
198 106
199 190
200 177
201 142
202 22
203 67
204 177
205 77
206 203
207 180
208 190
209 18
210 186
211 74
212 107
213 62
214 154
215 116
216 42
217 5
218 109
219 138
220 30
221 103
222 192
223 135
224 92
225 179
226 31
227 112
228 218
229 178
230 28
231 159
232 13
233 196
234 138
235 167
236 123
237 68
238 146
239 167
240 35
241 12
242 241
243 130
244 213
245 82
246 24
247 41
248 178
249 81
250 174
251 124
252 28
253 248
254 185
255 81
256 193
257 72
258 144
259 162
260 160
261 180
262 90
263 69
264 134
265 162
266 90
267 27
268 71
269 80
270 82
271 159
272 217
273 198
274 132
275 124
276 247
277 123
278 208
279 170
280 184
281 156
282 72
283 17
284 127
285 41
286 234
287 113
288 244
289 13
290 201
291 117
292 19
293 248
294 269
295 208
296 199
297 73
298 115
299 67
300 290
301 287
302 90
303 0
304 3
305 259
306 300
307 84
308 9
309 38
310 112
311 191
312 88
313 83
314 71
315 93
316 263
317 118
318 158
319 19
320 29
321 272
322 75
323 75
324 300
325 302
326 35
327 55
328 244
329 277
330 68
331 189
332 264
333 199
334 316
335 274
336 264
337 14
338 221
339 139
340 291
341 71
342 324
343 190
344 279
345 128
346 86
347 39
348 23
349 71
350 157
351 232
352 169
353 44
354 223
355 193
356 35
357 6
358 0
359 38
360 177
361 64
362 248
363 301
364 88
365 0
366 365
367 140
368 25
369 187
370 178
371 39
372 196
373 35
374 140
375 322
376 319
377 10
378 73
379 94
380 168
381 327
382 73
383 4
384 77
385 211
386 118
387 278
388 91
389 92
390 66
391 281
392 210
393 290
394 40
395 297
396 47
397 27
398 89
399 165
400 75
401 162
402 392
403 207
404 224
405 203
406 246
407 173
408 70
409 65
410 269
411 297
412 74
413 116
414 370
415 395
416 155
417 92
418 362
419 67
420 389
421 186
422 309
423 136
424 75
425 165
426 192
427 335
428 316
429 61
430 38
431 97
432 115
433 335
434 132
435 185
436 237
437 304
438 118
439 432
440 319
441 247
442 193
443 3
444 124
445 197
446 420
447 287
448 361
449 132
450 298
451 421
452 385
453 212
454 126
455 411
456 137
457 414
458 391
459 114
460 409
461 344
462 431
463 178
464 99
465 95
466 269
467 314
468 13
469 1
470 341
471 272
472 134
473 376
474 92
475 335
476 3
477 422
478 139
479 467
480 297
481 344
482 437
483 442
484 26
485 208
486 395
487 292
488 158
489 113
490 162
491 207
492 343
493 186
494 296
495 406
496 65
497 65
498 415
499 37
500 460
501 100
502 47
503 364
504 80
505 96
506 106
507 437
508 151
509 92
510 252
511 225
512 440
513 394
514 328
515 31
516 349
517 40
518 284
519 11
520 40
521 311
522 256
523 67
524 5
525 157
526 374
527 460
528 128
529 412
530 219
531 130
532 140
533 416
534 316
535 11
536 279
537 436
538 214
539 364
540 148
541 29
542 257
543 443
544 468
545 488
546 204
547 195
548 118
549 397
550 409
551 437
552 378
553 132
554 250
555 79
556 481
557 247
558 496
559 297
560 68
561 144
562 165
563 233
564 378
565 23
566 206
567 414
568 217
569 211
570 206
571 228
572 489
573 174
574 144
575 460
576 295
577 224
578 251
579 302
580 192
581 336
582 242
583 486
584 88
585 431
586 177
587 513
588 296
589 436
590 488
591 276
592 162
593 154
594 147
595 227
596 361
597 85
598 401
599 103
600 504
601 326
602 300
603 440
604 86
605 209
606 413
607 77
608 156
609 431
610 454
611 224
612 440
613 506
614 509
615 219
616 215
617 425
618 213
619 226
620 74
621 510
622 214
623 483
624 380
625 77
626 53
627 182
628 55
629 228
630 172
631 363
632 570
633 505
634 394
635 614
636 348
637 484
638 428
639 428
640 137
641 258
642 531
643 399
644 458
645 292
646 307
647 385
648 9
649 79
650 219
651 327
652 482
653 644
654 217
655 593
656 248
657 318
658 595
659 638
660 489
661 433
662 353
663 366
664 322
665 646
666 333
667 560
668 103
669 458
670 146
671 57
672 576
673 43
674 642
675 631
676 625
677 467
678 240
679 175
680 460
681 223
682 334
683 237
684 308
685 498
686 633
687 319
688 281
689 414
690 638
691 446
692 399
693 114
694 200
695 457
696 252
697 692
698 597
699 143
700 287
701 506
702 355
703 0
704 535
705 57
706 117
707 418
708 366
709 536
710 610
711 254
712 115
713 321
714 292
715 643
716 586
717 260
718 118
719 710
720 387
721 207
722 318
723 464
724 304
725 635
726 599
727 153
728 117
729 363
730 644
731 82
732 267
733 35
734 93
735 78
736 33
737 480
738 556
739 387
740 504
741 114
742 431
743 192
744 442
745 717
746 667
747 203
748 266
749 480
750 644
751 496
752 602
753 41
754 36
755 277
756 317
757 559
758 294
759 666
760 431
761 630
762 739
763 307
764 512
765 83
766 604
767 167
768 370
769 540
770 500
771 351
772 529
773 692
774 79
775 449
776 733
777 258
778 276
779 725
780 229
781 329
782 421
783 437
784 754
785 192
786 329
787 441
788 654
789 128
790 362
791 409
792 96
793 221
794 177
795 423
796 574
797 793
798 56
799 380
800 543
801 651
802 295
803 112
804 531
805 158
806 125
807 315
808 368
809 128
810 211
811 98
812 794
813 526
814 255
815 260
816 79
817 602
818 589
819 588
820 530
821 511
822 319
823 520
824 347
825 332
826 338
827 764
828 248
829 765
830 121
831 630
832 634
833 402
834 58
835 242
836 226
837 119
838 295
839 244
840 7
841 81
842 241
843 382
844 422
845 518
846 38
847 286
848 310
849 83
850 769
851 427
852 102
853 82
854 778
855 467
856 748
857 755
858 674
859 801
860 795
861 26
862 330
863 692
864 249
865 354
866 238
867 165
868 595
869 423
870 221
871 849
872 551
873 772
874 177
875 243
876 377
877 796
878 129
879 233
880 106
881 365
882 525
883 333
884 177
885 582
886 170
887 177
888 679
889 715
890 719
891 49
892 27
893 519
894 259
895 68
896 271
897 228
898 722
899 678
900 842
901 184
902 747
903 127
904 307
905 860
906 219
907 356
908 550
909 12
910 488
911 431
912 31
913 703
914 133
915 724
916 416
917 218
918 462
919 158
920 304
921 237
922 610
923 267
924 539
925 60
926 896
927 661
928 528
929 270
930 3
931 351
932 475
933 250
934 421
935 531
936 734
937 595
938 764
939 757
940 590
941 541
942 369
943 539
944 345
945 864
946 904
947 355
948 319
949 153
950 935
951 456
952 436
953 232
954 290
955 585
956 628
957 731
958 403
959 771
960 400
961 142
962 843
963 310
964 533
965 692
966 140
967 688
968 422
969 854
970 440
971 590
972 225
973 236
974 719
975 379
976 444
977 8
978 929
979 937
980 798
981 197
982 43
983 412
984 829
985 440
986 587
987 172
988 729
989 693
990 212
991 717
992 675
993 144
994 3
995 834
996 441
997 496
998 302
999 851
143 90
893 957
175 786
317 406
764 795
132 145
972 287
189 499
753 876
511 353
703 738
572 218
245 225
866 381
470 168
675 776
171 600
916 306
95 463
855 721
590 528
28 829
858 359
179 710
979 26
375 56
18 788
415 620
219 627
694 547
117 337
301 11
232 679
938 412
817 429
792 84
788 911
578 878
79 802
469 634
959 436
209 406
898 96
283 689
848 225
194 816
142 630
188 714
48 956
213 190
899 905
460 852
868 532
569 745
744 43
862 396
9 956
594 813
818 532
500 734
360 430
674 745
108 420
877 992
81 753
344 268
143 159
894 5
281 395
166 673
777 430
772 184
526 919
21 499
999 412
998 36
759 584
753 457
861 206
965 523
926 659
648 291
305 474
484 59
319 25
340 394
805 944
322 673
88 794
318 267
532 428
156 898
353 122
683 596
314 65
446 589
739 263
456 381
54 734
969 210
666 672
303 88
586 317
563 973
837 567
874 298
806 30
188 707
314 560
804 751
794 544
660 682
508 991
301 832
66 64
616 789
727 661
452 672
81 272
612 206
328 740
780 890
313 505
88 754
759 670
329 525
7 760
85 120
350 417
298 840
489 492
287 841
609 781
310 109
65 637
306 561
789 451
777 409
345 551
558 564
99 711
190 970
214 516
244 217
299 663
227 575
190 501
544 66
827 290
522 531
500 466
127 162
728 218
116 234
369 92
712 77
897 673
862 834
202 401
173 242
17 223
517 715
670 72
248 180
315 906
715 903
150 376
304 868
477 43
873 210
461 173
411 232
15 751
85 114
472 723
187 407
99 523
867 79
53 256
787 458
372 231
541 788
141 78
769 660
849 548
293 100
547 206
563 523
720 485
671 69
268 365
372 340
653 721
834 896
798 890
958 530
938 463
405 198
107 125
806 430
558 175
157 362
156 240
793 655
969 247
537 371
146 60
131 836
533 528
846 489
258 350
978 60
15 713
877 788
987 62
690 362
64 726
592 373
562 580
484 17
191 861
500 379
834 381
962 351
344 69
129 690
6 834
942 932
509 218
630 741
20 88
704 784
104 303
655 364
33 722
991 391
916 986
849 606
441 401
308 864
696 339
106 704
565 380
420 121
469 724
995 460
772 55
540 860
13 322
143 611
245 432
149 221
460 410
147 882
721 428
519 10
608 620
782 544
171 982
439 529
315 587
272 614
801 585
379 452
789 715
852 53
794 152
274 800
140 249
623 563
95 812
646 328
893 46
392 502
451 837
195 726
10 388
424 926
221 599
31 51
739 542
577 15
555 383
466 834
551 212
105 316
815 731
173 592
778 548
109 933
723 301
732 214
622 90
480 857
30 616
638 221
972 568
915 564
422 273
945 88
1 334
644 634
252 255
592 405
652 739
585 817
333 386
398 548
596 49
179 515
710 543
810 774
379 196
478 969
661 10
963 734
71 419
933 896
924 649
3 283
694 133
512 215
895 96
366 484
951 341
791 103
882 959
969 658
789 254
613 313
413 485
45 56
436 487
983 235
394 480
267 822
108 472
149 499
747 466
111 641
179 603
710 417
222 909
774 524
613 83
949 449
754 647
858 755
5 631
264 598
321 31
602 754
298 975
93 832
70 445
956 961
901 190
692 750
86 45
213 898
535 230
34 164
136 68
5 953
781 694
266 542
167 977
374 571
758 879
547 666
172 661
747 959
808 890
927 746
814 467
267 895
416 43
615 871
803 720
804 511
985 137
289 294
614 147
802 149
321 243
948 655
481 789
415 607
593 803
752 0
554 562
690 783
107 871
737 974
639 446
331 874
436 538
378 899
483 9
562 236
713 111
980 816
657 515
677 661
939 758
614 909
653 895
376 982
429 860
756 163
232 108
452 500
770 879
457 209
122 6
426 348
697 239
942 715
112 793
791 485
611 190
139 684
221 206
832 776
353 72
355 877
74 420
76 259
808 163
394 323
879 32
863 473
462 808
327 708
705 780
635 691
660 984
44 954
660 995
422 298
699 431
187 734
328 947
848 753
289 523
24 341
814 873
955 775
427 69
227 734
978 400
483 499
858 166
333 954
912 162
246 982
688 395
511 954
32 716
595 892
393 554
160 676
731 966
820 570
61 386
62 942
133 704
573 561
826 638
209 769
835 510
724 649
467 658
460 183
916 821
577 350
293 244
333 396
858 531
341 246
638 28
787 856
800 282
556 689
271 403
285 402
242 972
469 183
921 839
302 102
554 48
950 741
361 77
805 760
791 731
106 103
661 125
718 966
485 104
252 215
221 2
997 996
995 994
993 991
990 989
988 981
978 976
971 969
968 967
966 964
960 952
946 943
941 940
938 936
934 933
931 930
928 926
925 923
922 920
918 917
914 913
910 909
908 907
902 900
899 893
891 889
888 887
886 885
884 883
882 881
880 875
874 873
872 871
870 869
868 865
864 862
861 859
858 853
852 850
848 847
845 844
838 837
834 833
831 830
829 828
825 824
823 819
817 816
814 811
809 807
806 805
804 803
802 801
800 799
798 797
795 794
790 788
787 785
781 780
779 778
777 776
774 773
768 767
766 763
762 761
760 759
758 755
754 753
751 749
745 743
742 741
739 736
735 734
731 730
726 723
722 720
719 717
713 710
709 706
703 702
701 700
698 695
689 688
687 686
685 681
680 679
675 674
672 670
669 668
665 664
662 661
660 658
656 653
650 649
646 645
644 640
636 635
632 631
630 629
626 624
621 620
619 618
617 616
614 613
611 610
605 601
599 596
595 593
591 589
587 586
583 581
579 577
570 566
564 561
560 558
557 556
553 552
549 546
545 543
542 541
540 539
535 534
533 530
529 527
526 525
523 521
519 515
514 512
511 510
509 507
506 505
504 503
499 497
495 494
493 491
490 489
485 484
481 480
479 476
472 471
465 463
462 460
459 456
455 453
451 450
449 448
447 442
438 437
436 435
434 432
429 428
427 423
420 417
413 412
411 409
408 405
404 403
402 400
399 396
395 392
391 390
387 386
385 384
379 374
372 370
369 367
363 362
358 357
353 352
348 346
345 344
342 341
340 334
328 325
322 320
319 316
313 312
308 306
304 303
302 301
297 296
294 293
291 290
289 288
283 280
279 277
276 275
274 272
271 268
266 265
263 262
261 260
256 255
254 253
252 250
249 248
247 245
243 242
241 240
236 234
233 226
225 221
220 217
216 214
213 209
206 205
199 198
197 195
191 190
189 188
187 185
183 181
178 177
176 174
171 170
168 167
166 165
164 160
159 158
156 154
148 144
143 138
136 134
130 129
128 123
121 119
118 117
116 114
113 111
110 101
97 96
94 93
92 91
89 87
86 84
83 82
81 75
74 72
71 70
69 67
65 64
63 60
57 56
55 54
53 50
45 42
41 40
37 36
35 34
33 32
28 24
22 19
17 16
12 11
9 8
7 6
3 2
