1000
1 0
2 1
3 0
4 0
5 4
6 1
7 1
8 3
9 4
10 9
11 5
12 4
13 4
14 1
15 7
16 2
17 16
18 3
19 12
20 12
21 20
22 17
23 18
24 16
25 2
26 5
27 15
28 19
29 9
30 16
31 29
32 15
33 1
34 8
35 12
36 14
37 4
38 25
39 31
40 3
41 16
42 8
43 14
44 42
45 25
46 4
47 26
48 11
49 46
50 5
51 7
52 37
53 50
54 1
55 26
56 6
57 4
58 30
59 33
60 22
61 56
62 58
63 32
64 20
65 6
66 57
67 40
68 42
69 12
70 23
71 26
72 22
73 9
74 18
75 6
76 71
77 56
78 15
79 37
80 24
81 41
82 63
83 42
84 66
85 26
86 33
87 23
88 50
89 60
90 25
91 49
92 66
93 76
94 48
95 30
96 49
97 56
98 83
99 48
100 12
101 61
102 87
103 56
104 72
105 15
106 92
107 33
108 23
109 69
110 56
111 99
112 83
113 41
114 90
115 102
116 90
117 115
118 30
119 112
120 48
121 15
122 61
123 6
124 103
125 72
126 88
127 69
128 57
129 16
130 22
131 10
132 16
133 78
134 95
135 15
136 79
137 74
138 90
139 33
140 25
141 25
142 37
143 52
144 127
145 121
146 39
147 77
148 26
149 36
150 88
151 93
152 116
153 68
154 141
155 151
156 112
157 127
158 39
159 136
160 117
161 98
162 55
163 17
164 49
165 126
166 40
167 96
168 93
169 116
170 139
171 63
172 46
173 109
174 108
175 126
176 144
177 116
178 23
179 170
180 54
181 19
182 136
183 22
184 146
185 130
186 150
187 156
188 145
189 91
190 156
191 41
192 20
193 116
194 75
195 44
196 0
197 94
198 126
199 123
200 72
201 71
202 120
203 173
204 125
205 102
206 18
207 158
208 138
209 91
210 166
211 72
212 162
213 152
214 112
215 119
216 7
217 95
218 163
219 116
220 152
221 65
222 133
223 99
224 23
225 34
226 211
227 69
228 217
229 56
230 43
231 176
232 99
233 120
234 48
235 103
236 88
237 61
238 61
239 155
240 161
241 39
242 83
243 54
244 173
245 46
246 100
247 77
248 133
249 131
250 70
251 129
252 99
253 141
254 29
255 33
256 136
257 147
258 72
259 222
260 35
261 260
262 257
263 111
264 195
265 119
266 188
267 74
268 84
269 152
270 69
271 4
272 201
273 16
274 249
275 53
276 107
277 71
278 86
279 133
280 274
281 12
282 206
283 230
284 271
285 44
286 266
287 284
288 212
289 221
290 228
291 160
292 159
293 120
294 102
295 18
296 114
297 74
298 2
299 203
300 228
301 178
302 262
303 41
304 55
305 5
306 53
307 240
308 110
309 60
310 66
311 158
312 249
313 23
314 244
315 33
316 283
317 264
318 143
319 159
320 56
321 208
322 14
323 300
324 177
325 35
326 91
327 302
328 6
329 198
330 21
331 89
332 122
333 235
334 268
335 199
336 222
337 95
338 94
339 224
340 256
341 278
342 133
343 279
344 334
345 204
346 284
347 19
348 12
349 194
350 32
351 64
352 207
353 34
354 237
355 325
356 284
357 44
358 336
359 323
360 265
361 268
362 90
363 107
364 31
365 277
366 1
367 27
368 242
369 360
370 291
371 286
372 113
373 150
374 307
375 137
376 261
377 233
378 111
379 147
380 2
381 291
382 348
383 119
384 77
385 156
386 348
387 340
388 45
389 250
390 19
391 58
392 169
393 186
394 286
395 242
396 151
397 341
398 388
399 65
400 311
401 275
402 348
403 341
404 207
405 258
406 364
407 180
408 355
409 240
410 334
411 109
412 248
413 153
414 380
415 277
416 294
417 51
418 134
419 249
420 12
421 90
422 268
423 47
424 73
425 188
426 18
427 426
428 157
429 356
430 291
431 89
432 305
433 327
434 72
435 283
436 372
437 180
438 210
439 144
440 362
441 415
442 288
443 420
444 191
445 274
446 422
447 7
448 14
449 120
450 54
451 210
452 384
453 311
454 69
455 339
456 197
457 139
458 278
459 239
460 242
461 400
462 332
463 404
464 292
465 88
466 228
467 293
468 296
469 274
470 289
471 319
472 280
473 455
474 46
475 190
476 103
477 206
478 152
479 65
480 409
481 9
482 261
483 387
484 434
485 97
486 484
487 123
488 146
489 304
490 251
491 18
492 117
493 326
494 448
495 243
496 324
497 241
498 11
499 345
500 84
501 73
502 182
503 133
504 256
505 239
506 463
507 177
508 11
509 449
510 9
511 384
512 275
513 266
514 361
515 268
516 174
517 32
518 366
519 289
520 170
521 23
522 34
523 158
524 523
525 358
526 444
527 213
528 502
529 443
530 168
531 120
532 492
533 151
534 211
535 352
536 310
537 258
538 82
539 440
540 372
541 177
542 232
543 408
544 458
545 471
546 105
547 81
548 183
549 169
550 533
551 145
552 379
553 431
554 542
555 173
556 428
557 437
558 410
559 37
560 45
561 234
562 47
563 278
564 224
565 364
566 424
567 48
568 566
569 440
570 67
571 44
572 126
573 410
574 71
575 379
576 278
577 410
578 278
579 304
580 526
581 560
582 433
583 522
584 439
585 173
586 218
587 182
588 127
589 518
590 249
591 282
592 285
593 141
594 177
595 401
596 451
597 518
598 593
599 39
600 181
601 387
602 103
603 252
604 284
605 346
606 21
607 508
608 343
609 509
610 512
611 373
612 546
613 57
614 174
615 424
616 604
617 409
618 349
619 444
620 586
621 512
622 477
623 14
624 522
625 267
626 121
627 353
628 186
629 594
630 46
631 184
632 301
633 247
634 385
635 592
636 431
637 306
638 42
639 96
640 414
641 441
642 222
643 141
644 509
645 159
646 56
647 437
648 133
649 42
650 242
651 74
652 502
653 306
654 16
655 449
656 328
657 319
658 120
659 644
660 273
661 259
662 634
663 312
664 172
665 414
666 92
667 150
668 214
669 249
670 65
671 381
672 32
673 659
674 641
675 539
676 393
677 664
678 78
679 501
680 31
681 550
682 629
683 76
684 614
685 174
686 257
687 643
688 220
689 636
690 375
691 373
692 619
693 687
694 33
695 91
696 117
697 566
698 629
699 583
700 191
701 432
702 14
703 309
704 274
705 41
706 578
707 649
708 58
709 490
710 210
711 266
712 372
713 376
714 229
715 526
716 200
717 358
718 610
719 526
720 296
721 626
722 716
723 563
724 233
725 44
726 717
727 718
728 180
729 282
730 386
731 389
732 36
733 498
734 556
735 120
736 326
737 625
738 86
739 134
740 189
741 215
742 308
743 8
744 82
745 640
746 93
747 448
748 461
749 462
750 4
751 668
752 514
753 208
754 590
755 132
756 38
757 194
758 44
759 31
760 445
761 326
762 288
763 167
764 285
765 690
766 662
767 82
768 530
769 488
770 252
771 370
772 494
773 743
774 698
775 538
776 291
777 533
778 621
779 490
780 284
781 487
782 110
783 276
784 13
785 678
786 627
787 230
788 527
789 707
790 60
791 268
792 460
793 415
794 294
795 369
796 227
797 271
798 414
799 689
800 201
801 533
802 655
803 775
804 677
805 658
806 158
807 126
808 301
809 285
810 418
811 316
812 110
813 351
814 245
815 813
816 781
817 730
818 643
819 341
820 32
821 783
822 494
823 594
824 126
825 159
826 111
827 21
828 822
829 748
830 752
831 351
832 319
833 664
834 681
835 732
836 521
837 774
838 625
839 681
840 131
841 645
842 749
843 829
844 491
845 529
846 482
847 162
848 470
849 621
850 678
851 820
852 109
853 781
854 159
855 709
856 165
857 357
858 294
859 189
860 90
861 572
862 479
863 350
864 776
865 73
866 355
867 577
868 11
869 506
870 769
871 96
872 385
873 833
874 483
875 150
876 286
877 594
878 559
879 390
880 636
881 612
882 457
883 668
884 477
885 101
886 835
887 638
888 711
889 471
890 375
891 714
892 246
893 32
894 157
895 714
896 185
897 39
898 884
899 300
900 46
901 519
902 554
903 227
904 636
905 608
906 523
907 25
908 136
909 397
910 475
911 408
912 628
913 242
914 372
915 638
916 325
917 136
918 505
919 129
920 791
921 181
922 685
923 181
924 559
925 607
926 334
927 485
928 388
929 566
930 91
931 617
932 279
933 253
934 468
935 919
936 270
937 643
938 836
939 565
940 405
941 240
942 570
943 258
944 785
945 242
946 817
947 683
948 516
949 366
950 180
951 636
952 785
953 951
954 218
955 609
956 792
957 29
958 498
959 600
960 159
961 795
962 241
963 605
964 918
965 341
966 815
967 881
968 541
969 701
970 341
971 275
972 268
973 457
974 738
975 898
976 966
977 10
978 923
979 599
980 867
981 255
982 684
983 1
984 417
985 196
986 502
987 433
988 547
989 440
990 917
991 239
992 637
993 870
994 934
995 175
996 67
997 365
998 924
999 472
700 850
14 806
954 721
859 879
737 868
701 383
730 432
986 621
4 71
765 308
949 110
5 469
794 927
363 190
361 719
573 655
863 178
228 403
819 290
286 979
605 719
657 406
221 520
357 869
316 632
933 194
945 315
498 409
586 799
75 199
868 568
932 991
914 780
642 540
6 885
9 120
63 116
35 594
423 755
981 478
79 715
719 607
233 756
855 720
706 267
323 456
786 893
313 371
41 626
157 629
432 109
119 497
281 912
77 648
148 820
596 901
520 813
311 789
258 316
354 829
244 863
902 99
589 147
216 54
513 298
136 434
437 631
99 251
801 453
406 859
810 528
296 686
859 67
570 98
287 352
85 821
566 591
240 399
522 502
133 934
148 478
943 583
600 230
562 146
266 144
743 615
763 602
75 677
948 735
387 170
61 996
461 596
899 199
310 845
68 737
748 645
576 268
239 665
910 927
337 370
927 54
222 505
836 942
482 662
663 511
142 623
664 379
167 821
679 99
843 35
224 96
200 576
872 726
875 531
730 885
434 110
167 137
807 116
328 234
257 84
241 270
616 903
851 729
309 886
934 999
524 476
506 104
199 554
224 866
272 130
954 621
610 436
779 143
812 380
660 551
68 980
492 775
572 669
899 683
540 161
588 423
76 700
109 125
843 785
148 58
265 729
288 986
565 414
872 850
788 21
380 852
887 90
598 528
39 605
852 397
96 787
806 647
311 24
862 530
761 407
672 188
138 188
96 937
975 480
179 696
488 492
171 867
221 953
74 156
20 668
698 242
973 79
790 763
978 594
809 779
734 305
665 627
496 863
727 541
220 936
142 68
326 364
926 528
228 71
980 654
440 637
888 119
670 979
738 735
256 160
49 293
908 299
834 11
654 558
969 827
999 968
607 185
338 857
409 688
31 934
752 820
870 388
730 703
17 881
597 711
534 238
971 292
632 177
631 23
465 110
418 54
126 581
281 229
551 584
95 942
329 811
403 881
362 598
998 494
969 694
571 623
831 55
867 427
526 406
660 685
436 778
29 643
75 291
504 458
57 611
845 231
399 714
175 321
729 461
534 378
433 630
432 859
727 430
52 439
41 447
453 112
211 455
343 710
308 766
905 302
245 856
103 135
198 878
314 496
854 663
782 404
774 573
633 872
195 546
19 491
95 744
398 668
643 735
427 722
291 250
726 68
918 91
984 577
96 597
543 257
342 304
428 907
933 886
520 152
975 884
444 180
835 149
331 885
999 216
958 707
349 226
733 512
744 926
485 297
482 689
882 962
251 962
546 776
336 798
707 680
389 530
874 445
296 305
577 887
44 246
204 174
214 907
209 269
832 415
929 732
528 383
175 22
116 947
108 778
20 169
245 316
651 119
978 579
732 833
115 822
549 195
313 159
402 569
590 257
281 90
538 886
526 946
435 417
43 214
464 971
245 483
138 201
309 607
7 250
177 993
85 854
695 653
392 649
237 823
952 879
32 41
993 794
560 912
232 935
564 8
223 167
263 631
830 97
590 103
991 916
396 909
715 867
349 23
485 713
811 555
963 611
704 962
317 165
521 403
220 372
643 452
552 963
638 979
973 394
130 290
435 616
769 937
513 153
11 397
974 946
536 919
563 337
718 872
144 890
519 520
514 516
5 990
789 931
13 641
116 102
246 84
650 192
444 872
140 260
878 836
829 569
168 528
885 357
293 343
15 974
388 11
374 331
270 482
307 554
490 325
133 218
53 826
334 80
489 247
230 376
737 679
871 249
646 178
68 203
617 636
254 572
190 111
356 93
185 260
758 916
743 573
62 915
316 54
140 5
12 410
733 745
576 154
527 871
648 576
612 775
359 402
728 801
159 562
504 911
594 673
257 134
698 204
842 964
902 231
448 523
929 101
196 83
784 258
426 326
192 504
273 989
346 173
794 472
588 494
142 899
389 348
497 188
349 277
53 472
319 758
813 885
292 700
679 634
596 266
68 307
483 732
383 689
535 361
655 134
274 960
243 742
496 298
665 961
845 149
212 317
396 288
280 528
376 82
450 971
81 886
808 529
638 81
346 127
497 987
428 983
835 163
434 260
596 37
479 162
311 743
169 237
152 922
308 399
275 796
473 320
2 394
979 677
347 306
279 891
196 918
805 893
844 685
895 66
487 843
668 506
813 977
202 814
871 464
382 671
191 438
865 358
588 931
377 819
191 461
824 682
285 655
534 975
696 872
710 762
876 136
343 597
764 989
425 867
846 148
770 307
58 404
252 921
642 259
125 262
830 916
43 958
997 995
994 993
992 991
989 988
986 985
982 980
979 978
976 974
973 972
970 969
967 965
963 959
958 957
956 955
954 950
946 944
942 941
940 939
938 937
934 933
931 930
929 928
926 925
920 919
913 912
907 906
904 902
900 897
896 894
893 892
889 887
886 884
883 880
879 878
877 873
872 870
868 864
861 860
859 858
854 853
852 850
849 848
847 841
840 839
838 837
833 830
828 825
822 821
819 818
816 813
811 806
804 803
802 801
800 797
793 789
781 779
778 777
776 774
773 772
771 769
768 767
763 760
759 758
757 754
753 752
751 750
748 747
746 744
743 741
740 739
738 736
733 732
731 730
727 726
725 724
723 718
715 712
711 710
708 705
702 701
699 697
696 693
692 691
683 681
678 676
675 674
667 666
663 662
661 660
656 655
654 652
649 648
645 643
642 641
639 638
637 635
634 632
627 626
625 624
623 622
621 620
618 617
616 613
612 611
610 607
606 603
601 600
598 596
595 594
587 586
585 583
582 580
576 575
574 570
569 567
566 565
563 562
561 560
559 557
553 551
548 545
544 541
540 538
537 532
529 528
527 525
521 520
519 518
517 516
515 514
513 510
509 507
505 503
502 500
499 495
494 493
491 488
487 486
482 481
479 478
477 474
471 467
466 464
461 459
458 457
455 454
453 449
446 445
444 442
440 439
436 435
434 432
431 429
427 426
424 423
421 419
418 417
416 414
413 412
411 410
409 408
402 396
395 394
391 388
385 384
375 373
370 368
367 366
362 356
355 352
351 349
348 344
343 337
336 335
334 333
331 330
328 323
322 319
318 317
313 310
308 307
303 302
301 300
298 296
295 291
290 289
288 286
285 283
282 280
275 273
271 267
265 262
261 260
259 257
249 247
245 244
243 240
239 236
234 232
231 230
229 227
225 224
222 219
216 212
208 207
206 205
203 200
199 198
193 192
191 189
187 186
182 177
174 169
168 167
165 164
163 161
160 159
158 156
153 152
150 149
148 145
144 143
141 140
139 137
134 133
131 129
128 127
124 123
121 120
119 118
115 112
111 110
108 107
106 103
102 101
98 97
94 93
92 91
90 89
88 86
85 84
83 82
78 77
75 72
71 66
65 59
57 56
53 52
50 49
47 46
45 41
40 39
36 35
29 28
25 24
21 18
16 13
10 9
8 6
