1000
1 0
2 1
3 1
4 0
5 2
6 0
7 2
8 1
9 3
10 3
11 0
12 2
13 2
14 3
15 7
16 10
17 4
18 8
19 3
20 1
21 11
22 11
23 0
24 20
25 18
26 16
27 9
28 4
29 21
30 1
31 30
32 13
33 11
34 15
35 29
36 1
37 9
38 18
39 30
40 23
41 4
42 31
43 42
44 43
45 13
46 24
47 29
48 41
49 15
50 1
51 13
52 20
53 11
54 5
55 2
56 24
57 24
58 6
59 16
60 33
61 11
62 45
63 50
64 14
65 42
66 15
67 41
68 49
69 55
70 27
71 25
72 37
73 34
74 46
75 38
76 71
77 54
78 52
79 57
80 63
81 64
82 17
83 5
84 75
85 40
86 52
87 86
88 38
89 46
90 18
91 2
92 34
93 7
94 8
95 7
96 48
97 71
98 19
99 8
100 15
101 92
102 12
103 20
104 72
105 54
106 80
107 65
108 78
109 12
110 60
111 58
112 110
113 70
114 27
115 78
116 109
117 45
118 35
119 107
120 89
121 115
122 9
123 51
124 54
125 77
126 118
127 36
128 98
129 94
130 12
131 87
132 94
133 119
134 8
135 6
136 33
137 53
138 8
139 116
140 106
141 16
142 100
143 123
144 122
145 20
146 21
147 90
148 50
149 78
150 129
151 126
152 142
153 27
154 53
155 44
156 39
157 126
158 68
159 77
160 133
161 84
162 99
163 158
164 142
165 89
166 80
167 88
168 103
169 55
170 124
171 163
172 124
173 84
174 21
175 67
176 166
177 44
178 78
179 177
180 42
181 147
182 91
183 0
184 145
185 49
186 118
187 78
188 12
189 87
190 29
191 173
192 93
193 21
194 190
195 10
196 39
197 15
198 40
199 163
200 196
201 84
202 156
203 5
204 189
205 95
206 169
207 162
208 167
209 202
210 0
211 31
212 77
213 78
214 12
215 12
216 189
217 193
218 142
219 104
220 109
221 119
222 201
223 120
224 68
225 203
226 172
227 137
228 90
229 113
230 221
231 229
232 68
233 144
234 62
235 186
236 100
237 122
238 132
239 136
240 81
241 9
242 125
243 0
244 0
245 179
246 180
247 10
248 95
249 36
250 17
251 8
252 127
253 51
254 104
255 79
256 76
257 177
258 1
259 60
260 205
261 118
262 14
263 132
264 13
265 149
266 95
267 177
268 5
269 113
270 204
271 70
272 152
273 232
274 177
275 19
276 141
277 276
278 98
279 197
280 91
281 41
282 198
283 221
284 280
285 98
286 187
287 218
288 78
289 182
290 212
291 98
292 30
293 241
294 165
295 65
296 193
297 218
298 103
299 232
300 260
301 229
302 187
303 25
304 63
305 230
306 18
307 187
308 158
309 257
310 64
311 203
312 12
313 56
314 35
315 146
316 130
317 46
318 170
319 278
320 217
321 248
322 207
323 169
324 272
325 151
326 268
327 266
328 260
329 140
330 297
331 256
332 253
333 14
334 282
335 149
336 298
337 249
338 261
339 210
340 238
341 186
342 266
343 20
344 159
345 17
346 230
347 30
348 240
349 122
350 43
351 52
352 194
353 174
354 169
355 187
356 315
357 295
358 24
359 194
360 212
361 53
362 188
363 220
364 333
365 171
366 163
367 145
368 63
369 364
370 56
371 324
372 117
373 207
374 330
375 316
376 0
377 5
378 125
379 43
380 370
381 189
382 283
383 0
384 350
385 145
386 163
387 356
388 3
389 35
390 351
391 184
392 219
393 34
394 115
395 370
396 278
397 45
398 385
399 152
400 240
401 172
402 135
403 226
404 31
405 51
406 388
407 338
408 50
409 245
410 302
411 313
412 292
413 295
414 180
415 21
416 385
417 233
418 3
419 115
420 348
421 267
422 250
423 250
424 341
425 215
426 263
427 209
428 246
429 194
430 377
431 256
432 273
433 183
434 342
435 289
436 421
437 98
438 407
439 356
440 402
441 88
442 421
443 435
444 426
445 130
446 335
447 67
448 127
449 388
450 35
451 385
452 423
453 18
454 156
455 100
456 343
457 252
458 414
459 392
460 308
461 300
462 242
463 330
464 72
465 145
466 115
467 240
468 309
469 142
470 165
471 267
472 180
473 340
474 13
475 67
476 105
477 410
478 170
479 277
480 43
481 426
482 114
483 82
484 14
485 177
486 77
487 459
488 253
489 110
490 457
491 427
492 424
493 492
494 459
495 34
496 423
497 37
498 165
499 483
500 393
501 344
502 149
503 309
504 67
505 78
506 246
507 294
508 379
509 485
510 6
511 194
512 334
513 378
514 60
515 439
516 327
517 497
518 478
519 398
520 35
521 33
522 236
523 92
524 342
525 286
526 316
527 449
528 194
529 479
530 120
531 74
532 360
533 273
534 46
535 271
536 420
537 269
538 474
539 469
540 138
541 17
542 218
543 37
544 479
545 136
546 291
547 307
548 101
549 481
550 86
551 414
552 324
553 474
554 359
555 423
556 66
557 301
558 388
559 133
560 126
561 127
562 204
563 378
564 514
565 128
566 112
567 28
568 386
569 252
570 334
571 328
572 33
573 473
574 308
575 155
576 399
577 213
578 207
579 560
580 208
581 154
582 462
583 407
584 517
585 391
586 56
587 317
588 21
589 470
590 580
591 394
592 479
593 12
594 439
595 536
596 251
597 47
598 390
599 69
600 243
601 456
602 499
603 390
604 40
605 22
606 145
607 454
608 222
609 356
610 564
611 339
612 21
613 85
614 483
615 121
616 194
617 534
618 254
619 43
620 598
621 583
622 111
623 25
624 441
625 376
626 165
627 305
628 611
629 475
630 618
631 119
632 33
633 438
634 425
635 87
636 179
637 518
638 371
639 234
640 447
641 173
642 556
643 162
644 450
645 217
646 338
647 450
648 494
649 6
650 625
651 258
652 552
653 437
654 358
655 476
656 511
657 563
658 452
659 39
660 651
661 354
662 362
663 273
664 304
665 540
666 155
667 632
668 47
669 111
670 508
671 253
672 423
673 666
674 534
675 564
676 336
677 566
678 250
679 90
680 182
681 668
682 495
683 148
684 593
685 71
686 423
687 663
688 390
689 531
690 27
691 276
692 329
693 648
694 352
695 603
696 285
697 640
698 117
699 345
700 82
701 91
702 518
703 267
704 202
705 122
706 90
707 657
708 40
709 410
710 593
711 222
712 573
713 531
714 158
715 444
716 53
717 173
718 259
719 468
720 2
721 188
722 384
723 481
724 695
725 409
726 130
727 510
728 412
729 57
730 631
731 90
732 422
733 468
734 267
735 251
736 380
737 260
738 20
739 256
740 109
741 572
742 152
743 203
744 704
745 297
746 616
747 607
748 686
749 410
750 89
751 18
752 310
753 585
754 671
755 228
756 64
757 743
758 415
759 387
760 161
761 259
762 715
763 509
764 698
765 134
766 76
767 591
768 144
769 569
770 316
771 527
772 635
773 510
774 146
775 325
776 643
777 353
778 210
779 462
780 209
781 357
782 26
783 272
784 295
785 761
786 285
787 223
788 176
789 716
790 565
791 36
792 503
793 549
794 516
795 52
796 282
797 582
798 605
799 225
800 442
801 645
802 662
803 82
804 566
805 357
806 715
807 338
808 746
809 148
810 243
811 718
812 339
813 751
814 589
815 468
816 72
817 659
818 641
819 802
820 592
821 781
822 401
823 154
824 571
825 430
826 494
827 580
828 126
829 794
830 299
831 404
832 368
833 498
834 727
835 446
836 611
837 759
838 764
839 318
840 32
841 711
842 801
843 615
844 471
845 596
846 566
847 244
848 271
849 762
850 141
851 444
852 638
853 315
854 84
855 73
856 360
857 432
858 455
859 467
860 251
861 684
862 317
863 708
864 516
865 821
866 245
867 393
868 420
869 342
870 179
871 67
872 458
873 227
874 433
875 491
876 261
877 452
878 652
879 216
880 285
881 827
882 382
883 103
884 864
885 174
886 255
887 791
888 19
889 723
890 425
891 127
892 163
893 863
894 386
895 724
896 458
897 603
898 180
899 246
900 127
901 409
902 469
903 681
904 195
905 354
906 794
907 628
908 333
909 430
910 884
911 249
912 553
913 645
914 606
915 433
916 44
917 109
918 615
919 785
920 56
921 232
922 206
923 102
924 44
925 285
926 170
927 11
928 696
929 416
930 200
931 408
932 27
933 649
934 546
935 610
936 376
937 137
938 758
939 537
940 51
941 569
942 35
943 203
944 469
945 46
946 457
947 547
948 928
949 758
950 470
951 693
952 131
953 76
954 273
955 882
956 325
957 841
958 4
959 285
960 0
961 321
962 589
963 300
964 360
965 151
966 742
967 283
968 885
969 339
970 118
971 868
972 667
973 585
974 204
975 617
976 166
977 968
978 910
979 483
980 587
981 830
982 949
983 129
984 567
985 789
986 902
987 986
988 14
989 194
990 280
991 905
992 406
993 891
994 653
995 641
996 242
997 740
998 584
999 916
126 314
899 658
954 255
733 436
735 685
441 586
310 903
301 860
624 601
805 132
371 675
630 748
744 862
364 864
533 419
400 614
94 955
465 10
203 529
853 614
213 828
829 919
755 840
923 698
324 484
352 141
184 447
30 803
944 260
783 335
302 692
329 594
473 994
222 495
377 193
788 715
292 98
421 354
483 586
364 724
61 136
341 655
949 164
967 366
994 667
450 23
267 383
263 971
29 788
640 294
258 53
980 430
280 860
223 240
603 48
948 13
408 705
632 516
287 543
189 322
995 968
175 268
330 657
686 733
724 36
369 619
42 95
987 427
924 421
261 869
414 566
808 138
392 218
37 185
609 619
483 106
383 239
411 506
990 572
771 940
227 543
926 633
243 429
965 30
909 178
92 700
840 512
891 357
562 103
391 778
903 83
717 282
42 795
66 468
67 990
706 373
165 856
123 13
234 290
837 500
86 207
928 627
605 362
834 996
138 757
628 955
429 605
7 814
839 377
96 24
613 209
430 555
343 372
484 563
604 425
447 568
300 775
901 452
865 304
600 755
499 472
630 127
135 83
894 139
651 980
441 160
952 3
715 699
653 446
821 527
220 976
40 223
19 262
135 524
697 558
41 500
578 523
50 868
57 131
518 60
586 953
553 200
841 734
230 616
58 491
441 901
342 9
947 99
710 226
714 230
335 936
466 53
235 42
780 100
256 248
578 797
215 852
100 150
475 168
314 365
107 726
758 848
678 202
436 178
690 628
514 184
865 874
294 449
481 330
849 379
847 165
758 731
543 616
726 580
970 363
795 297
740 748
583 525
488 246
712 31
11 178
762 732
658 240
442 733
801 79
339 15
881 888
694 313
333 985
578 815
322 725
390 453
456 680
287 672
577 681
243 967
988 224
576 215
670 614
961 451
151 500
606 866
424 899
990 164
6 363
559 913
214 503
484 511
427 301
443 399
71 541
122 937
518 437
601 513
576 513
222 902
224 42
540 221
765 101
166 388
796 532
21 723
696 386
364 941
400 96
676 403
275 261
193 650
602 122
576 915
489 98
979 576
940 680
835 119
259 892
553 726
514 350
705 126
951 947
67 357
800 388
279 763
640 899
100 238
382 865
613 737
203 339
106 247
54 763
966 406
389 635
586 374
858 372
917 336
743 764
702 99
816 14
872 410
844 52
288 954
367 143
622 719
119 647
726 254
289 582
234 869
176 278
982 311
177 739
351 972
669 787
344 837
84 282
603 188
907 10
209 361
225 280
718 498
828 218
740 818
27 716
666 18
183 417
648 326
763 823
874 142
389 755
47 60
168 340
340 989
975 884
370 312
376 824
473 148
451 720
839 927
142 434
314 104
766 817
613 102
428 11
274 850
857 481
84 342
208 895
984 137
966 619
16 323
664 714
139 266
914 974
213 120
559 892
622 267
330 505
385 156
792 605
539 259
311 808
326 823
727 872
242 324
364 277
911 213
301 788
913 353
220 111
559 785
650 405
298 15
655 326
31 243
866 143
626 415
123 892
895 994
187 883
341 34
580 669
642 218
131 848
893 955
702 615
980 887
51 339
682 641
511 66
340 375
40 918
169 745
480 809
844 124
470 396
95 815
770 783
566 423
685 834
69 710
635 362
470 190
678 136
251 619
832 691
644 902
429 310
38 909
106 372
881 32
526 551
252 95
27 280
790 832
153 560
475 28
176 965
458 393
455 193
448 242
222 205
483 194
980 730
68 375
46 680
105 691
109 319
859 474
856 592
673 541
85 147
792 395
724 4
650 818
301 178
76 914
524 287
467 392
47 803
543 993
745 584
640 833
106 961
748 692
821 915
715 340
927 117
351 97
527 996
459 566
478 319
878 920
27 58
412 498
531 45
338 411
956 300
499 649
677 858
332 390
777 418
467 512
130 913
416 85
13 834
719 613
273 762
566 182
204 93
964 658
650 451
919 123
378 307
890 534
671 713
439 917
712 546
102 15
828 489
890 738
526 531
708 129
256 644
527 576
255 388
167 84
635 20
294 208
849 458
189 489
591 613
363 347
780 802
981 429
266 204
690 680
912 722
674 693
200 819
42 83
641 861
535 944
770 178
141 759
268 180
626 256
971 487
460 381
729 756
507 224
87 695
404 250
256 294
131 878
828 26
349 588
86 362
367 586
578 522
679 141
135 739
597 757
492 739
605 702
795 133
419 843
31 316
587 613
587 226
245 913
136 669
994 671
426 296
333 22
472 423
513 990
974 419
866 765
984 766
322 611
430 905
796 609
623 321
613 284
11 65
91 824
25 992
405 151
881 331
693 497
175 413
214 853
596 930
350 301
411 715
257 175
469 316
87 288
482 146
619 748
813 136
241 864
58 880
604 9
638 302
137 845
131 776
851 646
311 682
20 535
384 207
572 191
750 993
729 883
532 761
900 392
389 290
83 630
991 712
161 248
247 414
982 359
385 61
636 878
977 657
791 529
875 60
584 943
979 230
383 670
410 28
498 589
71 933
334 348
77 900
64 896
838 744
905 460
148 431
164 929
767 616
69 525
265 816
248 714
466 461
600 110
257 687
622 403
172 456
840 481
423 191
289 166
157 390
193 714
424 970
846 782
218 25
957 23
769 284
173 858
3 708
473 4
831 792
272 281
867 156
571 274
183 246
26 996
326 426
59 347
692 830
216 206
560 231
907 667
599 290
913 771
746 23
465 72
206 639
288 883
78 326
58 507
935 859
254 112
392 645
478 421
659 736
954 675
140 109
256 858
726 327
162 682
868 538
637 288
787 70
753 605
57 769
977 360
369 610
105 724
567 257
927 868
42 581
144 250
11 870
632 927
945 400
436 909
46 553
681 961
872 234
64 96
405 326
938 631
983 45
671 212
857 508
661 488
438 975
336 421
797 558
124 873
163 277
90 984
726 602
501 230
714 168
328 905
218 24
62 324
484 143
757 8
521 418
815 366
839 350
671 952
29 748
453 173
171 785
878 435
612 44
243 46
313 409
739 759
795 2
936 624
380 93
267 667
786 329
725 762
57 146
820 658
188 548
270 425
856 884
316 278
45 577
270 719
794 954
631 693
260 881
541 269
306 85
447 136
992 293
915 945
614 336
347 182
405 770
291 464
670 561
770 677
62 694
731 909
681 366
231 65
546 832
488 383
980 945
172 978
816 971
124 695
404 12
73 626
988 643
770 319
344 533
635 916
506 261
486 675
42 739
311 510
712 811
590 835
764 86
30 967
525 534
293 727
941 898
744 673
422 425
581 609
676 284
724 431
845 300
946 102
953 435
811 416
962 662
99 132
656 927
106 546
172 66
834 309
191 133
654 159
46 570
120 339
452 33
39 499
964 590
652 345
961 739
655 859
565 734
427 808
378 274
674 142
840 595
438 622
668 835
118 16
425 434
961 32
349 682
418 810
259 160
239 537
168 822
192 419
708 718
481 928
655 169
716 225
646 86
302 70
113 926
732 696
394 755
314 781
747 33
207 113
876 125
553 73
601 506
964 594
538 562
372 521
803 94
257 230
646 408
626 803
788 859
557 523
719 821
682 219
164 500
629 185
556 982
967 265
677 81
96 447
673 554
75 798
227 897
941 975
297 400
19 453
634 372
703 661
70 476
388 648
922 992
276 379
831 160
634 168
420 904
83 715
369 324
376 366
543 853
332 236
911 746
619 857
963 46
593 752
251 175
827 407
702 63
254 893
390 67
931 12
749 225
724 330
537 278
646 313
690 213
610 357
708 428
554 22
710 401
404 147
677 729
414 647
669 857
670 528
614 294
956 793
407 366
968 906
761 721
433 734
986 490
777 522
485 168
650 189
731 282
660 506
696 823
119 498
508 922
384 143
180 220
362 83
716 268
394 352
380 137
942 137
972 681
618 268
461 770
569 139
846 309
701 440
647 34
756 206
430 334
895 838
988 194
679 703
506 190
654 863
173 298
200 830
124 908
316 98
866 445
107 268
508 174
379 809
352 329
584 269
688 610
920 434
2 212
657 751
549 976
306 716
858 128
539 25
916 193
569 341
366 839
530 116
136 322
17 754
853 46
311 949
452 25
590 671
977 870
283 680
16 478
120 714
245 982
803 198
42 259
206 164
206 754
907 31
735 516
244 71
260 759
13 360
17 888
215 744
327 27
993 950
351 557
772 174
859 777
204 81
634 247
671 721
430 171
195 977
652 377
520 979
487 462
686 44
897 569
12 266
55 689
919 965
31 128
548 283
385 869
610 94
175 871
695 856
514 725
149 239
323 803
0 459
915 151
71 899
368 770
412 264
884 186
154 538
331 899
530 702
641 670
74 169
997 322
794 326
678 830
405 379
641 16
929 514
612 32
458 411
906 150
673 199
812 691
572 743
576 395
699 59
672 903
14 310
537 417
654 190
254 848
87 930
121 244
534 301
454 51
773 295
356 714
424 370
905 511
859 361
265 427
978 517
250 229
68 193
102 801
389 325
86 968
583 337
752 561
396 591
757 69
635 618
354 968
708 750
656 996
554 133
754 855
780 888
435 468
999 207
585 287
236 399
394 186
441 146
121 141
855 397
637 58
288 402
422 374
466 446
453 644
301 173
632 36
148 873
550 472
35 234
221 454
470 559
557 762
138 938
336 595
411 282
697 286
680 98
439 976
230 887
252 940
544 446
406 260
48 956
681 541
453 359
982 883
920 698
125 715
316 262
282 80
811 539
743 180
943 790
710 912
268 564
257 336
759 341
960 237
66 260
822 22
399 946
737 585
246 835
980 386
197 600
555 606
611 883
226 770
618 330
665 876
927 106
800 363
614 60
843 971
798 357
795 568
151 64
393 404
404 150
791 867
864 294
733 483
593 295
845 914
500 786
620 391
371 540
749 842
314 65
323 808
242 261
442 927
719 283
571 280
341 712
27 778
666 658
446 650
55 803
405 56
768 233
858 982
998 831
947 514
334 86
275 170
440 549
848 687
597 753
610 129
821 501
434 986
437 242
362 920
690 761
470 418
36 213
567 387
818 495
128 284
174 25
967 812
916 36
178 851
276 364
698 980
890 904
793 193
950 688
916 520
261 360
517 818
732 769
959 36
59 247
782 271
374 181
11 995
419 803
770 424
537 194
576 980
350 382
892 697
482 978
136 486
749 522
996 69
50 913
247 381
735 675
579 678
970 773
284 129
561 657
693 474
46 965
639 422
885 307
366 735
196 35
627 470
6 316
783 871
947 913
987 600
776 760
145 468
438 335
774 868
658 183
831 205
320 915
692 509
717 505
469 942
408 766
928 341
467 113
596 868
404 61
38 539
787 546
805 358
263 150
508 600
761 412
203 157
108 974
562 916
968 983
940 444
18 953
811 734
137 437
198 744
504 674
244 345
475 364
627 880
47 805
74 47
59 10
639 765
485 228
310 154
330 399
918 123
62 975
9 565
276 269
761 406
363 458
26 471
885 379
423 837
956 258
317 671
595 909
214 754
911 56
947 768
313 781
961 0
729 556
990 902
599 797
72 691
225 2
747 671
308 922
357 243
585 544
992 483
823 530
155 184
54 237
565 300
503 182
279 958
365 771
645 870
351 216
657 155
126 966
883 591
166 630
265 460
626 707
7 480
176 317
756 219
686 521
104 785
120 678
309 227
840 834
602 672
16 627
982 849
950 226
23 122
101 2
583 957
260 783
31 600
669 745
155 478
884 687
642 4
106 664
336 505
373 252
817 224
125 681
580 315
462 795
130 757
637 299
762 377
225 295
867 673
968 234
485 887
299 818
20 871
678 680
738 733
408 189
311 515
243 679
552 131
505 435
713 123
220 100
632 222
383 401
776 574
734 13
422 160
142 88
892 984
731 51
576 787
381 777
944 148
582 65
148 166
234 943
127 400
811 74
667 86
417 896
577 148
202 462
858 198
539 396
805 658
859 941
462 591
176 164
406 319
129 961
869 792
39 251
729 976
361 536
617 974
747 688
922 990
617 0
389 300
237 42
812 418
763 873
583 100
54 514
776 809
833 926
806 796
564 364
514 632
288 331
796 818
809 613
704 512
263 400
403 864
41 550
956 923
879 780
73 336
634 503
223 812
594 626
741 559
291 172
494 19
893 207
865 550
783 475
759 350
400 697
448 268
953 4
394 105
306 105
471 357
167 951
641 494
535 737
21 333
65 993
26 613
620 343
796 661
633 78
577 405
687 528
607 413
99 112
633 96
801 733
420 639
627 414
778 971
509 472
290 674
339 277
577 906
408 951
561 92
764 483
612 744
920 8
526 910
73 966
573 549
247 379
334 564
857 560
468 477
400 731
199 442
596 566
871 831
198 804
12 775
227 252
772 267
961 446
127 237
465 882
795 507
530 752
231 78
710 449
662 154
251 717
434 840
96 94
49 831
353 890
241 690
785 222
324 939
916 893
112 172
582 400
758 134
307 231
676 50
188 598
609 69
83 234
941 730
315 51
851 943
110 164
667 280
997 725
992 242
110 826
499 848
997 436
954 66
193 965
873 924
225 297
259 859
811 616
253 737
537 431
647 633
649 559
312 607
496 517
405 630
474 72
709 509
760 874
156 788
758 77
282 768
872 831
576 310
872 400
14 476
903 416
668 819
910 790
907 409
135 811
734 475
965 868
522 511
916 438
488 927
551 756
155 146
717 428
3 564
174 464
652 262
255 65
307 952
200 773
375 299
199 233
336 547
51 402
446 513
614 764
368 983
223 694
56 749
716 165
448 440
697 252
315 106
447 645
338 621
420 658
561 104
298 668
46 188
223 189
93 25
937 809
859 457
259 110
613 374
953 68
819 311
604 695
895 397
386 394
852 404
389 886
269 526
110 377
308 633
342 697
539 969
97 991
650 872
463 720
886 65
168 6
786 876
636 646
612 795
596 739
454 779
848 696
312 407
846 458
719 455
596 43
412 125
754 27
867 960
751 457
374 377
806 128
622 539
390 984
243 262
249 529
164 376
342 540
346 625
532 935
836 243
824 313
274 517
942 261
955 924
885 548
453 96
513 550
496 527
158 792
528 23
771 408
926 285
106 404
521 691
283 392
398 149
640 478
881 236
672 791
383 796
99 184
114 320
599 992
216 877
925 645
552 156
651 399
833 369
575 236
465 409
636 659
808 816
244 540
615 800
195 508
671 454
563 70
466 798
882 717
192 358
428 230
487 648
901 282
947 378
327 770
510 63
61 651
612 904
114 56
21 773
649 151
88 549
314 940
272 726
637 481
157 374
46 215
738 232
949 358
927 898
864 512
675 426
928 892
863 609
645 295
449 176
223 277
212 919
162 340
288 309
380 489
980 113
23 4
29 774
816 414
877 396
140 110
225 228
661 806
9 859
919 724
840 505
728 750
664 140
863 349
237 593
279 10
75 473
986 80
876 216
604 505
602 113
365 853
749 132
810 925
906 402
754 53
681 48
624 383
377 446
745 213
954 764
939 470
30 2
751 922
837 845
621 481
755 613
800 803
834 632
965 318
262 87
526 301
663 526
224 800
752 678
544 254
76 49
101 459
360 606
779 651
848 856
389 565
26 233
470 435
753 603
868 885
879 727
42 437
491 47
337 77
955 645
682 156
493 79
314 480
632 962
202 974
746 859
362 973
821 101
306 984
331 884
781 193
898 752
490 691
79 757
472 889
411 551
213 114
764 515
155 221
427 841
688 705
821 486
520 165
568 669
881 823
28 197
963 416
883 342
722 948
974 789
841 63
718 40
525 435
276 579
491 886
629 816
407 585
262 524
666 595
992 790
255 819
479 556
922 405
445 798
189 851
190 835
761 141
527 66
381 892
72 209
118 24
628 97
371 289
585 299
332 2
512 803
455 665
570 947
758 843
820 539
712 973
537 275
642 598
163 891
274 32
902 426
56 469
337 762
538 190
529 805
370 982
60 17
982 925
735 726
395 88
509 473
551 622
12 169
874 974
453 38
416 828
0 449
18 86
238 499
508 439
568 947
729 475
735 442
28 667
710 575
603 292
829 481
812 728
452 897
122 87
826 187
604 556
242 683
818 834
115 141
525 357
819 204
962 60
615 412
131 612
841 900
586 25
967 762
859 413
316 954
693 899
301 746
380 29
986 525
630 713
502 951
647 18
901 23
564 707
362 704
305 70
346 114
471 739
262 212
806 943
250 501
13 580
237 625
25 866
25 839
539 14
24 291
60 743
194 881
491 306
338 469
236 767
406 686
382 65
280 265
806 947
62 281
861 790
867 131
443 791
631 960
30 621
378 108
715 56
456 716
288 373
906 421
27 734
969 190
403 118
815 471
137 626
764 731
290 763
442 145
340 169
757 633
506 961
938 441
206 574
291 287
242 646
53 225
395 91
942 440
939 434
574 51
690 872
57 384
23 608
973 701
456 458
455 213
268 950
605 942
561 325
719 366
88 816
486 270
657 778
297 431
723 864
1 497
516 305
200 227
98 561
10 308
972 463
719 968
984 918
733 550
169 945
774 790
740 616
179 320
855 487
293 240
359 821
67 349
901 914
541 88
869 617
588 242
330 797
244 670
913 912
567 838
360 390
94 594
483 617
487 403
27 158
462 909
75 604
105 491
552 533
677 612
76 28
334 891
352 342
543 884
748 134
990 10
252 585
99 246
656 232
685 994
664 811
569 428
762 834
688 918
258 343
995 794
716 951
126 66
201 208
398 381
372 301
224 822
88 756
120 391
936 832
859 987
2 298
401 560
194 547
365 332
20 870
193 974
246 660
865 902
668 494
534 904
544 46
656 4
185 592
231 590
19 360
973 23
539 302
811 145
780 678
543 776
267 412
351 260
579 861
325 643
254 649
902 563
833 21
448 389
691 109
704 397
466 46
278 230
658 416
477 379
386 851
251 503
604 257
249 742
937 289
527 325
599 788
160 516
977 400
541 532
377 194
64 138
436 976
655 91
698 597
715 923
848 765
29 62
292 976
284 239
197 764
277 998
44 482
655 612
618 219
329 507
304 972
147 689
989 492
94 531
736 70
25 525
346 833
425 727
654 605
419 964
680 753
761 28
256 304
384 569
226 513
114 903
315 581
300 45
537 228
495 872
2 4
8 9
15 16
18 20
22 23
24 26
29 34
35 36
37 43
46 48
49 50
51 53
54 55
56 57
58 59
60 61
62 63
65 66
68 69
70 74
75 76
79 80
85 86
87 88
90 91
92 93
94 95
98 100
103 105
106 108
110 112
114 116
119 122
123 124
125 126
127 129
131 137
140 141
142 143
145 146
147 148
150 159
161 162
164 165
166 170
174 176
177 178
179 183
186 187
188 192
193 196
197 200
201 207
208 210
211 212
217 218
219 224
226 227
228 230
233 234
236 237
239 240
242 243
244 245
246 247
248 249
251 252
253 258
259 260
261 263
272 276
277 278
280 281
283 284
285 286
288 292
297 300
303 304
309 310
313 315
316 317
318 319
321 325
327 328
331 332
335 338
339 343
348 349
350 351
354 355
356 358
359 362
364 365
366 367
369 371
372 374
378 379
382 385
386 387
389 391
392 393
394 395
396 399
401 402
406 407
411 415
419 426
427 429
431 434
440 441
442 443
445 446
447 448
452 457
458 461
463 464
465 467
473 477
478 479
483 484
485 486
488 489
490 491
495 496
499 505
506 507
510 513
514 515
516 518
519 521
522 523
526 529
530 532
534 536
537 538
539 541
542 544
545 551
552 555
558 559
563 566
567 568
570 572
573 575
578 580
582 584
585 586
588 590
594 595
596 599
600 602
603 605
606 610
611 612
616 619
620 622
628 629
630 631
632 633
634 635
637 638
639 645
646 648
652 653
654 655
656 660
661 663
664 665
666 669
670 671
672 674
678 680
681 682
687 689
690 692
693 697
699 701
703 704
707 708
710 712
715 716
718 719
720 721
722 724
725 726
728 729
730 731
735 736
737 739
740 742
744 745
748 751
753 754
759 760
761 765
767 770
771 772
773 775
777 778
779 781
782 784
787 788
789 790
793 795
796 797
798 799
801 802
803 807
810 815
817 820
821 825
826 827
829 830
832 834
837 844
845 848
852 854
860 863
868 870
871 872
873 874
876 877
878 879
880 890
891 893
895 896
899 904
907 909
913 914
916 917
918 921
922 926
929 930
932 934
935 945
946 948
949 950
957 963
964 966
967 968
969 972
973 974
975 976
989 991
993 998
