1000
1 0
2 1
3 1
4 2
5 0
6 3
7 1
8 4
9 3
10 0
11 5
12 5
13 11
14 10
15 6
16 8
17 2
18 6
19 9
20 13
21 20
22 5
23 15
24 16
25 8
26 4
27 0
28 10
29 18
30 25
31 4
32 5
33 10
34 27
35 17
36 6
37 25
38 22
39 29
40 13
41 32
42 39
43 22
44 22
45 17
46 12
47 6
48 12
49 38
50 23
51 16
52 6
53 6
54 9
55 37
56 15
57 10
58 57
59 39
60 6
61 26
62 0
63 25
64 29
65 38
66 31
67 7
68 52
69 14
70 24
71 45
72 59
73 45
74 59
75 67
76 3
77 32
78 25
79 53
80 38
81 29
82 45
83 41
84 75
85 61
86 52
87 47
88 1
89 70
90 1
91 82
92 63
93 78
94 59
95 10
96 69
97 54
98 77
99 54
100 90
101 33
102 52
103 87
104 7
105 10
106 74
107 93
108 95
109 32
110 93
111 25
112 19
113 28
114 26
115 63
116 69
117 19
118 7
119 81
120 26
121 112
122 25
123 3
124 27
125 113
126 106
127 79
128 26
129 12
130 118
131 42
132 42
133 121
134 118
135 54
136 35
137 114
138 63
139 8
140 38
141 126
142 60
143 50
144 86
145 103
146 91
147 75
148 12
149 23
150 146
151 127
152 63
153 62
154 62
155 33
156 12
157 110
158 51
159 129
160 120
161 100
162 5
163 22
164 40
165 65
166 48
167 66
168 37
169 26
170 63
171 67
172 82
173 34
174 115
175 95
176 83
177 121
178 25
179 163
180 108
181 46
182 163
183 30
184 155
185 181
186 140
187 148
188 175
189 141
190 110
191 155
192 93
193 42
194 164
195 145
196 65
197 103
198 90
199 102
200 159
201 107
202 95
203 132
204 189
205 32
206 110
207 80
208 126
209 51
210 113
211 151
212 144
213 33
214 62
215 171
216 33
217 136
218 16
219 52
220 211
221 145
222 130
223 11
224 187
225 30
226 126
227 3
228 37
229 43
230 132
231 160
232 71
233 85
234 26
235 17
236 36
237 138
238 130
239 2
240 43
241 128
242 80
243 220
244 133
245 16
246 59
247 103
248 151
249 177
250 223
251 116
252 89
253 182
254 123
255 95
256 160
257 77
258 144
259 193
260 16
261 154
262 157
263 232
264 104
265 63
266 18
267 172
268 6
269 150
270 103
271 222
272 79
273 9
274 202
275 49
276 134
277 93
278 63
279 254
280 73
281 32
282 24
283 255
284 153
285 242
286 63
287 222
288 271
289 175
290 173
291 153
292 61
293 123
294 215
295 118
296 63
297 251
298 224
299 137
300 36
301 240
302 84
303 85
304 285
305 179
306 142
307 253
308 300
309 183
310 26
311 115
312 185
313 30
314 236
315 237
316 206
317 69
318 144
319 103
320 301
321 215
322 116
323 11
324 101
325 19
326 184
327 106
328 158
329 102
330 55
331 204
332 206
333 50
334 300
335 313
336 72
337 280
338 295
339 319
340 323
341 191
342 64
343 231
344 340
345 182
346 48
347 114
348 61
349 195
350 208
351 116
352 244
353 118
354 107
355 291
356 228
357 30
358 266
359 252
360 218
361 20
362 146
363 335
364 331
365 92
366 119
367 331
368 198
369 65
370 308
371 342
372 330
373 301
374 367
375 306
376 39
377 167
378 308
379 66
380 334
381 236
382 376
383 33
384 182
385 200
386 57
387 304
388 381
389 98
390 297
391 104
392 136
393 317
394 328
395 73
396 40
397 52
398 248
399 66
400 186
401 249
402 6
403 269
404 118
405 295
406 216
407 312
408 61
409 101
410 51
411 14
412 268
413 305
414 378
415 386
416 201
417 377
418 7
419 80
420 289
421 166
422 12
423 257
424 179
425 26
426 75
427 161
428 421
429 11
430 294
431 327
432 377
433 100
434 172
435 204
436 23
437 117
438 401
439 344
440 418
441 289
442 400
443 57
444 160
445 19
446 320
447 353
448 384
449 201
450 436
451 277
452 347
453 321
454 449
455 303
456 447
457 390
458 216
459 152
460 113
461 135
462 389
463 140
464 53
465 277
466 146
467 117
468 156
469 269
470 69
471 31
472 394
473 93
474 435
475 274
476 254
477 289
478 154
479 417
480 207
481 414
482 465
483 458
484 12
485 161
486 117
487 298
488 144
489 348
490 444
491 66
492 229
493 135
494 461
495 420
496 292
497 355
498 53
499 137
500 118
501 19
502 329
503 292
504 489
505 155
506 170
507 425
508 257
509 201
510 84
511 321
512 194
513 333
514 58
515 79
516 448
517 388
518 329
519 341
520 459
521 36
522 224
523 244
524 153
525 54
526 203
527 22
528 248
529 18
530 172
531 211
532 329
533 60
534 224
535 37
536 267
537 272
538 344
539 512
540 242
541 393
542 416
543 140
544 389
545 315
546 370
547 425
548 227
549 309
550 476
551 290
552 186
553 287
554 205
555 1
556 100
557 383
558 97
559 189
560 455
561 257
562 171
563 351
564 124
565 279
566 43
567 203
568 277
569 410
570 123
571 380
572 477
573 401
574 145
575 160
576 405
577 507
578 312
579 159
580 36
581 424
582 446
583 431
584 555
585 456
586 46
587 11
588 555
589 217
590 346
591 588
592 260
593 154
594 335
595 229
596 8
597 128
598 516
599 150
600 138
601 476
602 302
603 97
604 297
605 366
606 351
607 243
608 492
609 284
610 355
611 108
612 484
613 285
614 296
615 509
616 424
617 357
618 526
619 379
620 189
621 31
622 536
623 25
624 292
625 209
626 268
627 159
628 89
629 467
630 452
631 517
632 509
633 473
634 242
635 439
636 363
637 111
638 408
639 316
640 32
641 286
642 594
643 45
644 182
645 127
646 644
647 505
648 455
649 374
650 189
651 256
652 620
653 392
654 105
655 544
656 9
657 3
658 159
659 604
660 150
661 420
662 139
663 405
664 61
665 87
666 259
667 494
668 178
669 236
670 286
671 202
672 484
673 28
674 448
675 97
676 331
677 244
678 339
679 383
680 91
681 530
682 2
683 432
684 377
685 436
686 455
687 638
688 232
689 380
690 126
691 380
692 32
693 185
694 115
695 598
696 35
697 245
698 602
699 630
700 156
701 445
702 533
703 636
704 108
705 329
706 459
707 278
708 407
709 587
710 154
711 421
712 41
713 444
714 402
715 372
716 391
717 250
718 123
719 209
720 422
721 461
722 269
723 70
724 179
725 33
726 216
727 444
728 540
729 231
730 135
731 187
732 202
733 554
734 176
735 570
736 556
737 141
738 348
739 498
740 553
741 66
742 133
743 510
744 195
745 352
746 259
747 370
748 348
749 632
750 349
751 742
752 694
753 117
754 217
755 432
756 158
757 158
758 227
759 109
760 5
761 702
762 442
763 625
764 251
765 16
766 417
767 328
768 25
769 751
770 294
771 524
772 94
773 422
774 139
775 511
776 503
777 16
778 520
779 740
780 417
781 551
782 372
783 566
784 476
785 129
786 378
787 600
788 786
789 70
790 608
791 385
792 784
793 742
794 363
795 428
796 205
797 586
798 204
799 408
800 549
801 43
802 24
803 751
804 798
805 380
806 247
807 252
808 559
809 111
810 419
811 211
812 574
813 71
814 357
815 498
816 460
817 560
818 153
819 309
820 678
821 472
822 712
823 466
824 547
825 351
826 136
827 292
828 369
829 719
830 407
831 95
832 262
833 712
834 519
835 558
836 625
837 2
838 721
839 711
840 665
841 261
842 524
843 272
844 550
845 838
846 295
847 40
848 426
849 655
850 40
851 778
852 808
853 114
854 314
855 24
856 289
857 214
858 394
859 27
860 123
861 827
862 226
863 810
864 111
865 127
866 43
867 841
868 298
869 536
870 827
871 175
872 704
873 425
874 819
875 550
876 526
877 685
878 490
879 104
880 715
881 424
882 241
883 182
884 681
885 412
886 599
887 255
888 758
889 117
890 355
891 366
892 534
893 174
894 182
895 288
896 532
897 521
898 49
899 38
900 605
901 739
902 333
903 720
904 721
905 572
906 694
907 859
908 705
909 498
910 627
911 265
912 721
913 912
914 827
915 50
916 816
917 561
918 538
919 365
920 486
921 557
922 292
923 672
924 331
925 856
926 413
927 205
928 489
929 449
930 70
931 239
932 612
933 374
934 3
935 723
936 286
937 212
938 716
939 211
940 720
941 769
942 0
943 774
944 434
945 477
946 320
947 662
948 447
949 659
950 139
951 920
952 862
953 656
954 816
955 141
956 437
957 666
958 941
959 792
960 675
961 350
962 311
963 169
964 629
965 386
966 268
967 471
968 28
969 318
970 125
971 352
972 959
973 123
974 923
975 906
976 561
977 740
978 699
979 678
980 447
981 129
982 205
983 929
984 200
985 283
986 616
987 278
988 533
989 692
990 250
991 288
992 692
993 436
994 261
995 288
996 100
997 445
998 176
999 838
296 896
260 916
70 17
906 843
282 763
772 468
51 10
782 959
818 246
711 311
499 138
628 883
474 479
299 765
867 655
489 194
997 70
168 536
892 115
721 358
57 236
914 596
561 703
148 676
487 45
435 144
518 408
218 323
736 254
43 516
844 454
393 60
519 622
666 281
49 71
275 931
603 913
442 251
506 40
50 284
275 112
399 993
979 164
319 846
321 105
872 363
139 522
891 987
802 821
573 571
427 986
62 493
986 276
24 260
149 88
870 114
306 146
374 238
110 711
285 321
340 374
85 519
910 935
677 642
98 421
437 114
148 944
989 634
756 578
585 644
92 852
395 796
249 777
589 881
771 80
776 720
874 743
167 91
479 330
185 231
172 947
647 411
993 876
443 876
780 992
488 293
668 687
756 524
26 192
607 208
117 217
110 246
208 297
969 91
138 671
757 300
970 652
822 353
869 667
285 240
838 136
762 893
672 398
742 199
859 587
640 246
400 214
986 913
139 385
255 500
676 313
915 254
610 570
271 672
295 922
454 624
242 511
965 205
678 9
287 750
61 600
522 212
288 595
182 946
134 657
217 853
649 873
71 371
893 597
517 247
717 845
776 34
165 672
887 631
86 581
410 349
105 976
901 439
779 537
349 831
441 6
845 398
921 552
909 185
612 779
368 862
388 854
865 388
789 99
130 728
627 529
520 988
665 492
382 578
225 574
356 758
477 167
299 201
424 960
88 122
457 598
91 174
717 961
43 921
417 52
73 757
113 911
893 687
568 616
288 105
292 32
495 489
285 417
752 193
125 800
375 90
306 630
615 586
348 948
915 631
984 554
740 148
326 946
58 238
104 177
993 297
842 654
173 439
896 51
995 667
238 473
67 844
800 720
205 557
463 275
567 505
685 762
808 444
237 177
412 92
474 374
205 54
298 144
2 133
814 994
566 654
337 95
200 111
498 536
243 805
160 561
25 181
610 753
417 306
408 16
49 997
121 643
906 251
665 146
543 400
927 819
809 833
193 632
459 407
780 211
220 655
340 657
118 591
803 948
370 43
338 819
782 285
626 565
133 979
509 466
17 387
14 890
311 769
210 86
566 625
641 700
222 327
941 129
281 867
958 231
929 891
887 574
206 465
289 239
426 76
105 123
643 250
144 618
219 546
624 159
144 111
134 512
115 329
497 220
383 134
29 229
824 470
539 997
638 580
441 69
988 96
705 73
777 377
257 295
107 904
111 294
130 784
295 371
608 657
978 118
227 435
844 467
661 280
707 749
489 530
143 765
865 916
714 192
360 237
245 838
889 606
660 759
266 853
831 880
713 586
934 371
450 143
753 492
226 820
433 536
427 552
86 177
252 396
766 508
539 337
927 587
274 658
257 285
508 180
171 771
2 569
792 79
39 332
798 285
244 695
67 227
200 65
420 357
288 555
779 641
127 345
228 889
42 566
252 870
75 591
511 209
215 538
932 814
6 752
639 122
95 693
164 19
670 809
299 158
395 702
140 362
711 434
655 756
429 695
360 485
323 589
222 566
844 793
335 796
628 406
466 885
271 314
64 442
966 220
839 159
919 353
925 845
952 486
981 417
695 256
513 470
601 551
261 661
589 353
291 501
132 675
73 781
40 457
107 485
510 39
501 565
737 120
258 549
348 419
58 164
516 967
539 373
576 683
991 883
326 711
46 285
67 513
752 732
606 856
297 961
449 693
393 947
221 559
399 519
138 69
57 464
432 766
203 6
605 628
602 251
706 415
907 680
652 318
404 758
477 185
647 520
68 82
79 846
399 393
864 893
788 302
32 130
231 610
851 525
514 246
287 418
215 333
470 410
571 38
641 760
328 161
279 88
98 786
714 34
187 771
386 532
902 772
248 805
812 734
593 966
782 174
733 131
151 637
131 727
45 3
227 38
669 851
679 419
520 858
207 818
869 529
256 576
612 523
608 158
693 584
672 45
827 303
654 467
536 762
246 763
693 731
101 739
406 549
514 839
153 205
833 659
537 319
637 693
971 773
722 41
860 858
76 582
237 877
695 765
532 145
988 722
680 17
500 59
920 41
620 158
33 151
822 48
891 689
192 503
350 800
778 648
46 337
697 21
984 269
924 558
680 934
199 104
537 650
252 652
928 740
194 14
749 645
319 421
886 602
498 746
970 455
478 706
815 9
908 686
105 17
144 90
816 829
541 402
844 952
56 263
552 322
678 385
504 178
163 559
856 927
904 923
138 134
936 649
252 734
911 781
316 551
455 771
800 81
745 714
70 113
277 290
245 518
102 293
567 762
324 498
771 996
63 620
491 218
716 185
687 563
696 126
555 875
279 696
468 144
695 21
562 881
86 729
563 774
980 565
429 82
567 745
165 261
241 74
424 126
352 743
212 190
410 229
469 175
570 27
448 124
971 656
517 338
824 759
678 588
966 189
350 532
487 601
880 725
84 10
61 198
358 55
825 401
801 207
347 809
205 336
903 129
42 274
527 897
321 893
487 88
927 734
945 133
793 585
91 526
455 558
554 332
985 720
729 630
715 908
963 693
199 69
758 713
494 404
151 483
186 764
707 668
379 748
753 962
420 181
546 339
41 603
586 466
64 353
518 927
545 549
273 523
914 450
501 193
612 596
779 327
220 647
535 300
510 760
587 884
773 565
53 294
976 432
688 230
545 254
308 63
887 358
907 992
710 934
34 71
576 359
823 348
194 192
965 524
221 960
210 526
768 325
801 873
303 369
656 908
354 324
544 248
252 981
676 152
837 882
657 433
511 160
505 652
834 92
163 432
100 47
274 28
344 80
448 818
74 779
656 295
765 911
349 327
745 630
250 494
924 205
422 425
316 827
915 483
494 879
356 876
974 634
81 755
899 531
616 259
766 265
450 524
79 731
39 801
556 83
262 391
799 122
237 989
539 77
586 102
643 68
60 451
727 763
561 438
908 882
644 498
702 575
954 382
652 379
986 632
609 242
87 286
898 700
27 543
225 825
473 521
541 977
639 67
244 432
278 298
30 113
840 762
903 722
861 50
984 629
562 274
90 478
599 368
881 912
290 813
969 755
389 639
424 232
489 175
856 933
302 947
999 979
408 142
108 972
695 499
799 427
675 81
382 316
530 640
832 738
552 850
376 599
74 12
832 142
95 643
159 140
683 972
873 101
921 924
985 707
884 550
549 385
554 819
390 486
726 587
667 918
504 193
833 618
195 357
849 278
467 292
614 627
865 490
361 355
357 383
531 738
319 998
262 509
954 314
120 906
613 772
774 991
206 104
449 270
341 54
431 398
515 68
880 365
462 600
635 481
394 682
877 142
765 584
390 633
22 740
688 620
579 496
44 970
871 298
547 370
348 90
645 800
978 240
50 718
140 994
507 587
371 595
700 18
625 848
72 587
588 988
233 422
286 571
475 723
53 219
267 847
563 230
761 209
756 172
431 451
527 174
213 500
636 205
459 650
913 769
866 765
568 781
799 398
976 320
877 934
782 631
78 411
151 341
725 685
805 820
891 247
509 405
261 385
681 196
758 594
534 295
534 427
164 237
759 487
685 235
567 406
388 817
615 633
332 764
367 280
962 812
739 894
88 814
719 430
62 476
778 631
935 711
306 115
357 47
388 669
266 857
573 17
333 863
450 53
549 246
169 501
389 249
755 53
92 746
734 983
352 681
586 124
830 21
784 839
56 223
210 125
11 478
651 657
972 708
300 772
743 344
528 745
124 733
293 431
167 160
88 407
465 958
763 653
776 804
789 876
440 56
974 306
36 141
45 755
781 412
625 169
142 557
176 312
722 829
599 560
250 914
215 260
247 393
552 871
984 272
445 446
601 936
915 152
320 690
239 210
469 139
500 944
157 338
141 150
595 694
653 36
332 156
488 664
149 61
846 701
115 687
492 105
671 194
78 348
340 355
45 612
430 981
289 341
393 666
579 646
731 890
762 880
943 675
152 951
391 206
416 875
597 194
310 504
190 402
442 184
580 673
963 331
262 982
884 861
574 850
918 518
526 918
634 783
152 506
105 783
513 920
202 629
682 511
647 568
963 588
756 467
227 74
596 732
560 186
506 579
175 358
562 728
761 687
418 589
355 230
216 602
648 296
793 160
693 842
282 445
504 364
415 910
286 274
806 371
72 165
959 307
273 113
330 689
391 695
645 662
43 747
369 574
886 96
496 999
290 174
469 171
35 382
159 695
744 252
563 659
138 459
742 938
96 119
460 84
19 108
608 543
837 684
928 837
17 997
531 614
519 224
178 165
303 422
57 160
991 885
137 2
186 792
843 403
255 309
394 735
355 944
341 971
140 525
865 443
228 419
591 353
222 460
831 625
248 440
656 8
396 41
202 674
573 849
218 170
571 311
546 140
586 753
875 774
5 835
79 302
139 574
519 485
780 604
846 505
666 432
537 472
94 314
3 600
661 936
896 763
815 848
86 8
333 754
196 957
732 442
144 688
730 922
880 821
732 799
68 810
361 554
862 582
567 951
904 335
656 154
881 115
624 653
3 703
686 166
300 651
509 125
886 62
654 84
477 438
611 15
85 655
370 522
38 925
196 162
693 597
377 339
680 349
106 361
597 84
771 659
975 380
955 857
47 156
161 214
115 330
13 592
533 454
600 156
531 849
504 391
278 588
84 88
929 877
137 625
592 84
575 332
778 429
299 249
589 310
993 21
125 815
581 679
944 57
246 317
281 175
768 459
967 393
301 683
289 744
832 152
984 44
229 60
25 632
400 906
101 951
824 822
911 624
824 88
522 781
346 463
220 282
272 114
11 888
225 457
491 689
172 371
97 357
635 489
230 347
871 631
483 988
268 715
374 578
898 54
223 94
383 479
657 526
980 167
32 589
538 815
955 532
96 965
838 126
53 30
384 826
932 485
963 273
137 153
405 359
278 173
2 719
218 9
900 567
855 222
184 723
222 983
502 557
401 979
813 410
37 807
536 303
418 159
641 626
369 741
857 333
233 426
833 462
421 410
688 82
189 749
193 719
8 135
447 697
163 312
168 948
417 903
244 88
174 90
585 411
409 961
581 592
998 489
14 557
694 564
441 978
636 445
845 621
828 713
387 419
849 913
821 617
355 316
496 768
892 890
119 191
190 899
941 154
403 133
831 633
464 261
35 51
598 492
169 849
966 707
253 879
481 770
246 925
473 209
783 772
800 274
295 883
547 829
454 697
730 747
982 789
254 247
211 610
328 262
313 550
442 367
522 849
252 6
704 75
462 762
421 46
629 550
148 339
908 101
843 488
959 926
360 103
255 567
269 962
621 150
513 354
565 115
749 542
673 721
551 73
870 731
846 332
191 11
732 19
469 406
577 444
319 907
4 562
876 631
978 113
821 287
305 114
738 689
218 528
943 449
918 8
271 962
236 773
225 150
218 115
115 391
566 773
749 736
914 330
868 197
11 194
49 226
492 751
854 519
684 239
556 144
536 77
316 602
558 983
696 681
167 122
693 271
152 377
208 720
222 749
274 753
667 942
641 806
177 312
260 690
754 81
386 470
888 882
97 773
125 608
897 38
524 320
600 402
574 428
290 822
513 38
999 577
112 977
820 200
192 240
889 298
197 10
910 47
911 197
827 821
668 559
715 4
11 717
122 354
52 176
989 840
43 582
308 69
2 946
383 612
461 552
65 261
782 695
86 408
761 698
216 508
71 185
348 462
98 980
927 545
99 724
706 513
575 935
653 236
53 107
825 780
369 31
201 546
80 669
118 804
832 124
158 855
259 546
985 312
257 999
399 979
462 372
953 527
519 882
3 897
292 584
234 925
179 860
448 955
305 306
537 29
485 466
976 7
803 972
195 703
402 935
425 868
963 615
404 67
558 508
206 909
834 303
476 620
281 40
257 364
982 90
281 638
716 744
731 504
796 417
97 952
810 495
679 279
381 414
638 386
825 623
284 252
859 540
82 832
816 534
674 921
618 378
786 12
9 946
689 893
841 967
941 615
589 980
695 456
777 79
396 56
516 656
688 898
130 284
417 874
180 459
181 215
146 973
129 730
335 763
528 452
663 682
852 575
632 178
596 235
153 956
945 536
467 515
990 347
579 354
861 249
417 371
336 480
921 415
26 141
292 393
547 880
481 852
217 724
202 75
540 884
755 215
650 740
91 418
699 714
929 751
475 706
142 449
36 324
809 681
770 198
390 349
684 955
929 76
321 353
661 902
51 472
756 152
837 174
193 717
309 688
322 560
598 323
531 215
358 569
17 609
822 31
77 303
339 810
520 112
207 841
873 911
245 206
136 520
296 815
6 872
374 185
427 497
286 20
756 212
827 913
263 441
484 583
892 74
410 157
202 575
21 618
850 650
635 969
612 226
430 473
117 797
673 768
530 605
335 383
419 910
776 8
359 982
496 468
879 306
858 186
270 416
629 139
155 493
284 587
269 840
186 809
154 681
345 609
149 560
366 687
504 922
660 980
910 200
955 380
570 641
68 56
813 463
5 542
128 71
620 182
247 498
905 392
918 945
260 641
187 485
432 717
639 140
435 566
666 208
867 698
970 753
310 722
520 139
821 63
591 706
319 816
434 969
886 406
696 715
680 544
278 953
421 962
402 209
447 616
112 391
770 441
75 878
834 47
33 823
548 690
427 10
362 364
160 594
22 727
501 347
297 507
11 863
577 12
781 861
509 303
492 299
118 605
928 730
501 113
662 40
883 275
737 4
176 559
166 225
603 311
176 317
763 453
508 908
408 269
538 781
249 863
785 318
939 82
702 3
922 844
673 498
119 54
836 714
158 124
192 554
787 875
469 30
177 522
766 771
62 499
80 548
847 963
517 725
651 509
16 613
630 581
7 961
885 911
488 458
904 848
802 561
241 645
305 353
680 16
781 594
112 969
680 118
98 176
746 804
811 560
571 34
133 719
44 184
119 267
658 736
274 951
64 129
713 730
576 634
675 720
589 371
129 298
688 536
278 457
197 471
744 72
546 400
770 607
308 276
67 580
197 566
743 388
518 63
671 615
372 38
399 353
450 83
429 556
739 588
449 83
515 857
157 498
297 642
274 505
947 713
516 663
110 866
940 859
591 343
456 974
75 119
952 972
184 870
496 762
942 288
853 369
654 383
886 944
245 789
425 264
316 651
278 256
48 783
244 49
361 188
22 396
81 372
842 736
706 656
94 231
76 240
703 648
811 397
383 847
409 436
650 144
749 966
509 228
31 74
388 458
406 180
679 406
369 950
808 399
70 44
779 441
706 294
522 931
966 823
276 876
954 963
298 575
848 757
270 277
808 269
768 689
956 201
526 518
359 483
823 269
351 608
28 323
67 688
523 887
779 193
378 113
915 206
869 990
843 581
219 504
974 110
107 515
237 776
535 250
384 950
242 559
392 94
3 729
811 465
22 80
157 702
299 940
584 594
438 915
408 738
610 706
846 249
130 635
358 412
926 324
783 643
486 480
694 378
182 439
879 86
702 649
306 227
445 23
838 497
746 178
197 696
822 13
795 624
233 493
99 931
295 610
984 14
703 149
453 338
136 761
875 561
32 662
317 900
91 768
176 514
716 902
484 106
267 967
409 521
275 863
880 263
391 478
264 732
888 826
562 704
709 11
569 240
600 852
369 405
433 578
427 382
994 508
930 829
117 986
157 127
205 946
697 477
64 782
770 88
710 666
943 362
650 713
263 359
825 375
403 481
595 408
90 299
557 23
347 733
937 572
2 647
859 605
826 33
504 901
187 318
605 457
609 457
393 623
625 296
777 658
176 685
494 656
49 332
708 996
395 150
137 607
61 691
760 282
847 855
882 758
774 107
929 220
291 364
360 289
34 897
417 977
490 934
12 277
645 301
537 239
469 572
395 633
545 393
577 517
491 986
762 911
568 466
29 495
555 214
234 379
646 789
15 657
334 725
979 186
337 931
713 114
575 186
482 628
466 445
522 571
52 767
557 307
436 95
317 381
484 298
515 249
481 880
223 110
208 969
566 893
674 464
640 548
500 117
114 470
685 393
982 703
372 778
573 766
238 527
559 27
681 85
407 759
713 447
725 443
580 132
433 873
203 387
41 983
399 153
863 786
886 387
874 142
345 231
408 835
363 284
29 220
128 283
922 962
143 45
444 205
294 531
536 362
336 885
385 63
558 362
437 891
671 6
42 4
341 610
336 496
310 828
75 261
475 407
376 812
777 422
841 159
417 226
903 244
747 729
499 11
265 831
350 710
617 380
445 702
755 520
540 387
791 569
551 919
46 810
578 791
896 494
323 69
499 522
312 43
796 49
979 378
614 681
543 208
724 602
677 456
916 919
536 995
251 589
713 45
271 424
375 619
348 245
558 880
518 258
395 182
456 450
162 505
903 477
773 495
719 619
721 300
599 233
262 538
219 596
995 286
718 923
251 966
514 265
784 774
830 15
978 1
226 521
492 741
850 647
532 927
437 435
125 158
601 482
411 699
900 211
226 550
281 509
82 340
414 870
907 452
974 717
210 505
760 561
861 41
914 658
681 149
851 829
525 465
340 438
170 99
674 942
474 968
412 755
321 970
771 102
933 270
178 904
126 1
627 110
489 699
524 340
671 812
28 326
341 826
46 321
895 917
417 544
158 697
161 338
404 259
30 144
416 343
878 156
386 358
290 766
28 373
250 952
458 336
558 145
32 949
410 759
951 69
860 413
908 990
421 884
517 531
946 742
633 789
143 213
723 834
311 490
265 12
410 282
127 389
811 867
532 294
356 524
398 447
296 202
967 120
333 551
403 70
677 732
188 866
63 728
628 203
887 641
110 428
726 254
610 536
671 207
995 1
40 292
959 7
449 595
106 310
964 877
695 521
16 63
797 683
756 783
345 724
101 412
174 0
364 448
581 603
31 378
26 753
962 307
670 402
450 883
35 666
734 372
415 695
378 539
919 620
513 919
807 298
198 130
172 685
855 484
823 389
359 631
462 643
311 942
384 35
800 126
364 178
591 910
534 204
861 307
752 960
210 572
521 768
102 365
445 560
675 22
385 559
371 19
385 491
65 103
320 199
206 985
314 560
43 737
209 221
654 548
0 5
9 10
12 13
14 17
18 22
27 30
32 34
35 39
41 42
43 44
47 48
49 50
52 54
55 63
65 69
72 73
76 79
80 81
82 83
84 86
88 89
91 96
97 99
102 104
105 110
111 112
113 115
119 120
124 127
128 129
130 131
132 135
136 137
141 143
144 146
147 151
152 153
155 156
157 158
159 160
162 165
167 168
169 171
174 177
179 181
182 185
188 189
192 193
195 197
198 199
200 201
202 204
210 212
213 214
215 219
220 222
223 224
228 230
233 234
235 236
238 240
242 243
244 245
246 247
249 252
253 256
258 260
261 262
263 264
267 268
270 271
272 274
277 279
281 283
284 286
287 289
290 292
295 296
298 301
302 303
305 307
309 318
320 321
322 323
324 327
328 334
335 337
343 344
345 346
347 348
349 350
351 352
354 355
359 360
361 363
364 368
369 373
377 378
379 384
385 386
389 390
391 394
396 401
403 404
407 408
411 412
413 415
416 417
419 420
421 422
423 425
429 431
432 433
437 438
439 440
441 442
444 446
448 449
451 453
454 455
457 458
462 467
469 471
478 480
482 483
484 485
486 487
488 490
491 492
494 495
496 498
501 503
508 509
512 514
517 519
520 521
524 527
529 530
535 537
540 541
542 543
544 545
546 547
548 549
550 551
552 554
556 558
559 560
561 563
568 569
570 571
572 573
576 577
579 580
581 584
587 588
590 591
597 598
601 602
603 604
605 606
608 609
610 613
616 617
618 619
621 623
625 626
627 634
635 637
638 639
641 642
643 646
647 650
651 653
654 658
659 660
661 662
663 667
670 671
673 674
675 679
683 686
687 688
689 692
695 698
699 703
705 706
707 708
711 712
716 717
718 719
721 723
724 726
729 736
738 739
740 741
743 744
745 746
751 752
754 756
758 760
761 764
765 766
771 773
774 775
780 781
782 783
784 786
789 790
791 794
796 797
798 799
802 803
806 807
808 811
812 819
821 822
824 826
828 830
833 834
835 837
838 841
843 844
845 846
847 848
849 850
852 854
855 856
857 861
865 867
868 872
876 878
879 881
885 886
896 897
899 901
907 909
910 911
912 915
925 926
929 931
932 933
935 940
941 942
946 947
950 953
956 958
961 969
976 983
984 985
986 992
993 995
996 997
998 999
