1000
1 0
2 0
3 1
4 3
5 4
6 3
7 6
8 5
9 3
10 7
11 7
12 1
13 8
14 5
15 10
16 11
17 14
18 8
19 14
20 5
21 17
22 21
23 10
24 6
25 7
26 11
27 1
28 27
29 8
30 23
31 4
32 7
33 20
34 31
35 10
36 19
37 32
38 25
39 15
40 39
41 24
42 9
43 30
44 16
45 0
46 28
47 46
48 44
49 40
50 31
51 38
52 28
53 8
54 3
55 36
56 5
57 39
58 51
59 56
60 22
61 38
62 26
63 46
64 57
65 58
66 33
67 40
68 29
69 19
70 0
71 38
72 46
73 2
74 33
75 12
76 48
77 18
78 69
79 36
80 42
81 30
82 42
83 8
84 78
85 39
86 7
87 37
88 65
89 46
90 80
91 9
92 57
93 24
94 14
95 0
96 58
97 94
98 24
99 33
100 33
101 13
102 91
103 94
104 21
105 14
106 45
107 28
108 47
109 86
110 54
111 90
112 109
113 24
114 38
115 88
116 115
117 22
118 34
119 90
120 88
121 103
122 86
123 62
124 20
125 5
126 22
127 97
128 23
129 47
130 38
131 89
132 5
133 44
134 129
135 106
136 96
137 38
138 73
139 64
140 80
141 65
142 108
143 94
144 137
145 111
146 45
147 16
148 96
149 94
150 0
151 36
152 84
153 9
154 153
155 135
156 108
157 145
158 28
159 24
160 111
161 99
162 131
163 96
164 47
165 20
166 33
167 64
168 74
169 106
170 9
171 34
172 115
173 9
174 80
175 74
176 2
177 48
178 122
179 59
180 71
181 19
182 64
183 76
184 41
185 151
186 24
187 41
188 171
189 20
190 81
191 133
192 129
193 56
194 145
195 132
196 53
197 39
198 108
199 103
200 80
201 167
202 148
203 50
204 152
205 27
206 166
207 155
208 123
209 165
210 95
211 145
212 6
213 31
214 12
215 40
216 149
217 117
218 129
219 34
220 11
221 188
222 14
223 126
224 158
225 167
226 120
227 206
228 189
229 11
230 53
231 161
232 214
233 5
234 100
235 169
236 95
237 166
238 201
239 226
240 136
241 178
242 207
243 34
244 20
245 110
246 166
247 128
248 202
249 243
250 130
251 191
252 147
253 65
254 224
255 184
256 176
257 36
258 61
259 79
260 158
261 252
262 13
263 180
264 143
265 114
266 9
267 157
268 68
269 65
270 75
271 251
272 191
273 180
274 27
275 75
276 201
277 253
278 96
279 113
280 148
281 203
282 169
283 30
284 27
285 132
286 210
287 22
288 7
289 95
290 34
291 43
292 268
293 161
294 104
295 169
296 200
297 80
298 65
299 215
300 244
301 236
302 260
303 224
304 50
305 226
306 189
307 35
308 178
309 220
310 12
311 253
312 33
313 30
314 82
315 262
316 7
317 41
318 28
319 53
320 252
321 18
322 71
323 208
324 224
325 225
326 142
327 200
328 77
329 234
330 18
331 271
332 58
333 173
334 0
335 20
336 213
337 191
338 97
339 212
340 289
341 311
342 281
343 195
344 115
345 200
346 99
347 220
348 215
349 99
350 9
351 218
352 236
353 219
354 102
355 76
356 308
357 321
358 171
359 268
360 25
361 253
362 171
363 355
364 202
365 71
366 123
367 276
368 190
369 357
370 230
371 276
372 303
373 144
374 329
375 321
376 294
377 226
378 333
379 217
380 348
381 369
382 8
383 236
384 234
385 2
386 143
387 100
388 230
389 225
390 6
391 208
392 81
393 259
394 224
395 33
396 376
397 220
398 256
399 19
400 175
401 296
402 47
403 196
404 369
405 274
406 247
407 172
408 120
409 38
410 56
411 116
412 248
413 82
414 60
415 206
416 395
417 331
418 259
419 164
420 156
421 327
422 193
423 19
424 1
425 158
426 283
427 355
428 76
429 410
430 303
431 134
432 108
433 257
434 26
435 206
436 394
437 426
438 362
439 398
440 410
441 81
442 166
443 428
444 9
445 324
446 138
447 311
448 290
449 113
450 350
451 359
452 4
453 424
454 397
455 366
456 228
457 354
458 262
459 144
460 286
461 286
462 113
463 138
464 282
465 436
466 412
467 18
468 146
469 397
470 362
471 316
472 419
473 344
474 155
475 328
476 42
477 7
478 73
479 104
480 324
481 15
482 274
483 42
484 38
485 216
486 387
487 91
488 263
489 219
490 285
491 437
492 371
493 82
494 177
495 378
496 29
497 57
498 229
499 227
500 465
501 176
502 186
503 415
504 181
505 148
506 489
507 478
508 87
509 303
510 108
511 491
512 109
513 64
514 501
515 86
516 136
517 99
518 18
519 116
520 53
521 288
522 435
523 459
524 113
525 219
526 106
527 346
528 73
529 422
530 62
531 295
532 100
533 420
534 163
535 233
536 413
537 217
538 191
539 353
540 156
541 132
542 483
543 142
544 280
545 339
546 264
547 114
548 43
549 94
550 325
551 241
552 507
553 299
554 322
555 215
556 218
557 381
558 455
559 143
560 97
561 377
562 91
563 515
564 525
565 79
566 544
567 194
568 287
569 83
570 193
571 189
572 58
573 426
574 303
575 78
576 434
577 284
578 339
579 228
580 196
581 302
582 271
583 413
584 373
585 146
586 493
587 434
588 57
589 500
590 90
591 492
592 218
593 179
594 413
595 529
596 114
597 189
598 160
599 519
600 518
601 508
602 323
603 18
604 419
605 472
606 155
607 40
608 391
609 542
610 321
611 439
612 157
613 10
614 250
615 163
616 287
617 56
618 129
619 426
620 178
621 84
622 262
623 100
624 600
625 58
626 241
627 578
628 90
629 526
630 20
631 584
632 111
633 16
634 555
635 366
636 385
637 426
638 481
639 554
640 587
641 274
642 437
643 243
644 304
645 499
646 485
647 509
648 500
649 11
650 485
651 91
652 514
653 387
654 24
655 481
656 126
657 295
658 349
659 642
660 564
661 275
662 461
663 220
664 21
665 586
666 409
667 7
668 543
669 461
670 178
671 666
672 657
673 313
674 595
675 655
676 256
677 330
678 133
679 317
680 585
681 230
682 322
683 66
684 423
685 369
686 389
687 602
688 209
689 110
690 455
691 111
692 651
693 130
694 183
695 96
696 397
697 173
698 392
699 56
700 217
701 484
702 189
703 20
704 621
705 583
706 563
707 389
708 326
709 544
710 410
711 18
712 457
713 139
714 52
715 481
716 259
717 346
718 698
719 573
720 260
721 134
722 114
723 450
724 608
725 570
726 5
727 178
728 291
729 190
730 602
731 83
732 323
733 40
734 509
735 457
736 405
737 4
738 410
739 423
740 436
741 138
742 591
743 221
744 561
745 655
746 108
747 544
748 672
749 614
750 13
751 120
752 317
753 144
754 588
755 117
756 108
757 374
758 636
759 199
760 187
761 310
762 721
763 568
764 361
765 658
766 697
767 386
768 699
769 631
770 426
771 294
772 3
773 383
774 302
775 505
776 581
777 54
778 546
779 611
780 684
781 234
782 433
783 223
784 349
785 269
786 773
787 555
788 508
789 737
790 101
791 762
792 480
793 613
794 249
795 617
796 420
797 243
798 676
799 335
800 179
801 155
802 653
803 336
804 444
805 736
806 387
807 426
808 129
809 25
810 686
811 78
812 6
813 795
814 738
815 286
816 539
817 441
818 605
819 146
820 659
821 94
822 679
823 400
824 231
825 459
826 504
827 403
828 719
829 190
830 661
831 309
832 531
833 340
834 303
835 524
836 58
837 153
838 577
839 601
840 416
841 397
842 401
843 158
844 131
845 520
846 510
847 136
848 409
849 142
850 424
851 260
852 177
853 659
854 46
855 276
856 571
857 114
858 263
859 690
860 673
861 125
862 416
863 785
864 749
865 473
866 638
867 406
868 805
869 437
870 83
871 430
872 263
873 83
874 535
875 174
876 421
877 724
878 827
879 27
880 812
881 639
882 744
883 404
884 754
885 433
886 287
887 718
888 393
889 4
890 543
891 744
892 88
893 427
894 738
895 432
896 853
897 744
898 128
899 109
900 293
901 370
902 91
903 632
904 297
905 411
906 769
907 139
908 762
909 554
910 317
911 173
912 839
913 109
914 215
915 626
916 646
917 17
918 425
919 68
920 477
921 915
922 774
923 183
924 343
925 373
926 472
927 375
928 353
929 756
930 276
931 115
932 342
933 130
934 659
935 274
936 803
937 439
938 248
939 398
940 556
941 320
942 655
943 511
944 64
945 588
946 92
947 102
948 805
949 3
950 235
951 5
952 306
953 757
954 574
955 158
956 943
957 10
958 579
959 329
960 227
961 138
962 526
963 784
964 301
965 727
966 571
967 21
968 697
969 735
970 725
971 33
972 541
973 129
974 605
975 309
976 888
977 792
978 267
979 897
980 224
981 980
982 364
983 901
984 237
985 144
986 57
987 98
988 762
989 267
990 948
991 305
992 175
993 793
994 378
995 586
996 592
997 113
998 870
999 761
262 961
455 48
768 705
82 33
726 508
438 425
853 271
346 31
794 123
96 516
366 288
731 682
682 861
728 634
157 213
765 604
959 331
730 327
105 478
499 840
708 751
927 479
154 895
544 230
469 934
983 907
610 742
211 124
88 662
910 58
867 730
708 438
16 768
369 847
157 565
158 566
823 318
104 57
750 515
325 140
569 645
891 862
265 553
295 950
861 836
223 902
322 286
413 936
876 419
368 334
606 340
336 750
298 525
646 289
925 159
870 181
490 661
906 0
609 636
452 829
204 92
31 67
318 579
347 200
433 977
211 630
962 790
956 364
474 215
301 325
964 255
86 573
110 554
110 559
262 173
517 83
258 657
938 957
540 215
186 370
88 461
822 164
532 422
151 452
755 704
393 870
85 383
953 688
143 879
556 877
666 110
374 910
531 104
870 676
918 153
712 764
924 931
392 250
340 195
376 645
886 899
654 635
540 747
433 497
649 575
419 493
292 690
394 596
561 168
834 104
460 681
115 425
267 473
114 85
160 404
390 874
831 151
721 503
626 401
682 907
303 377
971 477
146 825
668 202
76 432
523 101
272 222
661 113
886 200
670 618
910 795
945 10
250 205
548 823
352 679
788 385
835 510
776 578
301 793
508 702
403 613
525 289
965 740
107 280
416 69
800 407
850 692
244 618
170 946
995 391
473 151
707 561
385 348
509 199
784 125
495 627
776 643
988 591
783 792
329 169
390 12
725 935
185 748
916 301
858 650
944 620
698 295
629 420
660 549
30 450
711 914
265 37
177 166
108 266
131 437
115 520
45 360
984 750
262 558
373 544
567 408
8 512
517 723
475 353
442 462
72 886
359 642
398 881
352 17
146 920
452 376
956 810
407 30
901 216
686 943
322 470
822 826
96 512
585 69
508 153
534 194
421 191
76 779
553 907
962 946
584 772
454 451
257 483
433 290
824 337
236 769
992 180
809 218
482 840
823 587
770 235
475 647
779 841
656 473
103 878
892 579
172 794
22 196
430 478
295 400
117 901
52 682
267 653
613 213
228 997
437 208
874 984
519 399
700 296
857 286
363 566
512 633
865 646
784 406
870 751
605 428
800 343
571 429
294 174
774 911
449 697
63 848
984 87
548 375
622 584
203 224
434 993
466 15
355 755
422 150
710 388
735 937
238 341
132 967
374 898
816 203
453 273
648 352
135 698
79 307
84 709
801 442
120 32
576 931
335 383
630 175
210 294
592 261
417 955
43 826
767 718
47 246
805 378
348 507
108 821
628 919
107 43
47 120
328 385
741 63
103 717
4 861
517 659
270 234
575 315
741 76
36 918
254 36
363 630
984 701
635 189
87 374
341 6
986 39
31 856
613 168
672 825
507 36
68 639
611 516
875 570
742 657
538 757
507 953
69 571
567 875
47 454
60 573
264 26
613 890
761 936
139 154
991 527
991 409
522 877
357 81
377 148
169 435
388 751
736 945
422 667
206 535
189 179
743 936
86 491
20 885
538 166
765 344
943 531
5 327
356 890
94 635
6 93
666 808
520 513
355 31
874 220
744 423
136 384
580 923
525 53
708 341
941 38
685 863
188 377
768 914
270 282
491 456
156 889
110 907
735 231
190 561
973 264
113 407
293 354
759 394
528 317
625 836
246 618
392 683
298 997
197 422
492 839
393 209
713 20
480 57
872 652
46 617
547 949
550 265
816 237
75 648
860 5
557 664
3 593
699 88
382 252
391 496
841 800
434 301
999 427
52 892
645 821
344 291
217 870
282 595
133 316
398 714
995 754
886 669
558 853
752 970
538 560
706 43
450 935
931 687
436 384
287 674
27 389
30 405
721 862
81 824
495 316
554 316
522 960
872 893
83 802
348 372
676 510
699 627
186 232
991 506
75 128
684 503
662 665
629 849
393 643
880 477
850 488
893 385
206 380
190 934
960 29
771 628
935 674
821 581
438 32
84 875
65 480
560 597
977 124
152 804
444 144
659 957
284 325
897 607
610 544
468 27
543 282
928 796
343 400
61 860
138 939
589 454
120 322
806 722
113 899
389 802
230 920
341 44
255 350
307 448
274 929
479 841
292 460
369 528
320 405
93 580
369 540
565 934
278 43
90 913
417 81
335 719
907 977
722 334
336 648
647 689
98 532
162 75
453 911
945 942
302 579
196 521
753 255
930 417
413 280
449 462
294 467
370 982
895 590
590 855
746 766
17 326
798 659
714 101
868 208
411 840
438 527
36 720
707 290
70 649
94 854
268 412
97 285
791 675
398 684
866 893
181 266
811 316
506 539
109 299
509 907
290 798
209 804
550 414
519 99
499 114
430 956
566 665
225 454
382 972
254 32
604 985
918 219
747 265
422 930
150 11
793 67
208 842
784 585
468 857
543 243
337 695
636 108
345 14
703 181
167 69
985 168
203 645
730 19
580 336
619 692
936 637
596 980
811 784
236 340
33 23
963 444
226 288
997 523
657 430
5 800
280 426
411 383
444 605
268 279
321 883
812 424
106 996
979 777
847 749
617 584
187 259
239 531
544 511
908 283
946 861
568 729
613 167
688 385
339 182
79 290
206 128
934 295
118 45
272 696
944 571
892 113
404 866
671 948
49 338
685 547
583 760
484 269
936 352
270 274
219 52
417 362
655 426
908 679
361 19
800 355
10 792
560 667
449 799
223 859
664 452
181 748
44 835
229 896
286 369
526 462
562 466
300 945
977 876
314 227
791 659
415 879
10 846
802 859
253 559
570 404
897 800
311 716
423 73
415 182
396 566
398 122
665 900
885 84
678 52
597 935
427 24
928 311
739 651
669 836
29 886
310 74
736 940
855 325
466 694
518 402
925 947
297 761
70 271
736 527
804 581
328 496
442 743
529 521
497 458
277 858
805 527
446 90
593 923
298 174
417 560
685 658
797 996
332 904
365 991
513 805
414 91
720 392
271 148
797 511
776 918
455 146
600 462
333 344
952 329
644 496
794 376
114 256
392 789
954 377
786 703
212 460
680 897
728 341
279 602
943 758
68 477
854 103
731 72
664 528
602 657
383 585
327 13
503 793
786 418
167 762
24 636
413 398
830 629
108 715
782 901
949 9
337 562
703 165
289 240
204 14
274 49
90 324
124 792
546 144
495 704
752 911
900 505
784 456
876 722
361 661
456 922
385 166
204 48
965 616
216 643
747 197
924 900
638 813
591 952
325 563
28 625
752 346
410 683
592 518
967 612
147 615
512 453
80 103
551 229
13 325
26 957
410 74
660 494
929 945
154 246
861 980
420 282
796 961
693 749
531 355
929 447
68 749
907 457
414 561
384 868
594 855
707 377
325 281
14 307
886 403
865 441
510 472
507 39
511 239
154 772
787 84
200 551
578 755
556 282
863 288
514 537
552 498
808 244
312 718
566 215
138 95
346 467
156 818
309 85
366 16
373 324
133 413
71 240
417 790
808 542
471 824
257 800
364 386
341 369
423 396
209 654
144 545
415 520
427 336
854 118
588 825
113 816
558 786
250 206
356 937
939 694
274 836
793 437
665 412
582 541
349 520
57 516
653 590
604 197
423 44
874 328
229 421
67 684
80 855
573 13
183 425
889 8
188 281
943 996
835 875
334 971
352 214
412 293
84 681
766 957
635 163
830 733
366 896
398 373
592 143
325 473
455 232
853 296
424 635
309 848
447 516
90 847
162 170
365 773
113 30
209 997
197 649
860 946
202 735
376 631
826 743
820 822
207 876
59 417
500 542
433 575
304 993
414 71
409 72
400 872
185 530
281 857
576 946
770 988
141 932
858 717
978 667
896 72
11 456
921 280
826 533
70 444
291 216
109 277
791 587
938 666
351 344
73 308
639 889
827 350
636 229
651 587
532 7
68 179
992 529
553 609
896 462
368 276
979 116
852 565
1 304
685 320
616 684
630 587
407 771
299 651
595 998
285 974
91 863
20 428
314 666
671 78
400 59
227 401
581 218
238 108
804 363
823 212
847 722
388 889
357 204
678 361
100 537
317 34
229 134
44 109
795 879
321 350
999 505
907 304
12 117
720 517
226 496
290 795
81 407
542 154
931 848
249 570
806 788
830 426
580 265
992 475
1 804
513 227
857 883
877 61
4 881
958 629
375 410
428 521
208 638
169 652
198 939
30 556
690 98
678 427
254 372
237 338
400 102
756 361
938 479
36 460
34 530
579 456
297 230
144 795
59 347
808 664
10 384
195 98
494 0
222 768
485 803
437 719
291 432
493 789
534 423
699 217
833 436
541 665
3 281
899 771
747 67
672 869
11 140
267 215
942 745
61 158
774 249
262 884
270 774
321 899
865 128
608 225
126 636
485 356
473 572
975 222
478 569
797 220
204 435
202 977
564 257
709 880
397 475
491 510
350 196
44 694
951 126
935 246
356 230
282 182
238 638
642 321
376 105
115 532
611 105
676 595
967 380
99 483
454 5
736 122
614 151
929 490
36 636
778 645
527 988
38 707
8 881
878 782
596 439
341 854
131 17
534 833
872 302
562 674
701 483
418 930
995 978
213 92
875 192
142 858
36 700
646 110
393 346
177 859
174 888
615 497
663 592
330 407
725 628
807 826
158 528
355 140
8 529
507 808
209 396
272 898
374 17
861 484
383 173
150 762
675 727
71 959
565 722
630 48
778 457
86 983
261 378
913 298
241 1
697 761
3 741
707 415
418 447
264 712
396 174
841 105
646 328
335 204
823 11
101 858
561 690
874 771
30 963
54 226
579 349
553 172
259 94
643 815
939 443
939 870
253 225
215 658
395 71
780 685
570 359
531 968
313 578
0 173
836 424
600 822
177 41
727 636
438 709
68 204
53 95
553 228
966 705
463 97
353 54
498 105
68 606
131 925
676 191
485 821
210 564
104 265
464 190
744 900
610 452
541 706
807 523
499 235
984 430
822 961
691 850
483 390
436 8
389 335
865 678
947 869
809 639
339 362
744 149
13 488
753 985
46 829
1 74
0 163
740 129
362 708
278 653
705 202
896 378
171 772
92 469
707 821
623 490
126 599
387 254
289 373
950 497
261 846
418 467
944 812
370 655
521 620
533 564
568 401
306 272
552 817
401 24
57 833
186 283
758 804
756 829
888 647
731 926
341 784
495 658
569 260
742 612
543 855
597 611
468 782
936 751
248 809
643 804
465 421
892 957
526 118
256 244
38 177
606 126
83 55
564 12
638 981
764 307
63 808
338 669
824 415
837 305
360 169
383 485
375 53
763 260
459 896
482 458
286 448
82 83
849 407
140 164
778 84
16 58
149 732
111 719
146 662
613 835
3 307
721 150
839 180
874 19
760 958
168 145
558 224
51 715
374 901
212 55
338 765
319 924
310 886
393 372
412 832
644 121
149 365
732 396
397 647
637 632
89 764
539 557
736 341
6 569
619 620
112 433
347 123
652 237
549 194
164 161
196 920
759 695
483 651
69 98
861 466
641 422
955 399
954 683
9 450
333 689
854 185
51 61
975 428
659 81
95 548
811 321
44 867
712 729
520 87
344 573
699 985
208 825
538 722
759 775
222 356
22 94
971 406
2 215
235 386
320 323
231 489
843 577
545 966
173 804
801 127
376 48
306 943
352 317
624 793
375 124
689 488
92 942
661 745
353 124
67 50
39 673
689 956
64 68
527 75
401 450
401 966
946 48
896 274
91 278
683 1
605 727
895 775
619 20
600 205
795 344
995 543
716 454
258 417
501 39
66 694
80 872
645 224
634 809
623 564
39 672
639 868
870 619
668 320
951 276
729 495
341 894
894 367
476 110
245 940
319 910
334 549
718 851
359 634
459 829
204 953
127 479
599 216
558 268
108 997
164 666
595 162
626 107
386 228
25 317
399 474
666 756
719 618
623 5
166 135
258 347
547 415
712 703
119 945
873 584
50 20
654 346
386 346
935 402
450 339
433 879
147 70
801 581
321 978
208 652
12 739
266 349
392 816
468 852
124 281
466 272
708 679
730 296
899 507
808 480
145 0
127 529
645 780
385 406
367 905
979 186
909 635
568 807
799 594
961 274
473 246
789 579
309 394
227 752
266 178
889 568
781 406
71 565
330 625
710 571
119 27
694 429
637 577
568 46
52 575
113 853
482 284
640 258
376 539
181 550
322 282
245 847
720 171
646 752
629 160
75 375
635 35
196 311
873 115
438 494
875 931
538 801
572 349
141 748
547 84
284 390
663 127
761 744
823 233
870 886
51 189
997 286
33 502
937 638
173 285
365 754
432 988
471 683
91 631
793 51
560 562
876 604
413 429
632 944
918 541
685 843
911 540
687 669
547 960
722 612
731 825
890 767
918 636
436 717
265 21
959 635
364 89
129 252
329 489
176 802
217 250
701 187
85 746
758 544
17 607
353 885
984 344
179 776
126 964
404 459
308 641
987 629
880 722
895 862
866 51
524 510
236 555
514 210
270 866
614 289
68 698
547 244
684 90
449 604
343 252
264 142
508 96
57 393
835 898
65 128
269 503
203 59
461 5
673 800
651 320
823 111
405 328
124 659
650 992
701 924
109 578
88 545
650 557
314 650
229 916
195 929
66 174
261 446
151 633
720 261
597 620
218 207
576 741
630 455
244 771
603 840
704 368
859 236
546 612
402 841
167 557
881 405
429 555
486 435
487 703
994 654
300 20
118 274
716 774
371 298
384 246
901 867
389 887
811 664
277 323
909 463
410 999
562 720
199 670
806 174
821 640
220 46
471 499
61 437
923 714
453 606
294 657
383 960
394 579
381 197
46 795
830 839
658 518
67 710
614 154
303 117
806 840
363 522
28 460
76 11
826 421
146 78
178 688
933 889
596 503
134 353
459 31
783 894
708 871
344 658
764 500
263 114
974 722
763 821
605 332
733 706
940 540
476 639
864 655
220 308
142 15
545 277
286 948
102 758
619 893
172 49
830 800
465 187
663 481
632 28
112 815
78 253
869 330
272 308
883 9
358 555
828 128
756 759
861 534
573 124
44 356
700 958
289 594
369 530
519 388
709 651
663 113
114 160
578 484
417 458
273 523
9 988
347 549
537 483
946 313
674 389
370 809
164 150
343 309
940 677
786 500
270 749
543 30
581 591
334 21
76 797
621 257
320 57
262 834
492 892
954 992
448 891
802 319
544 644
165 511
932 134
523 231
945 510
196 569
347 70
262 817
893 736
834 671
23 96
746 52
882 879
993 8
228 780
846 666
235 749
767 794
7 995
622 400
216 987
186 47
848 17
509 84
47 839
45 576
306 668
858 317
807 967
19 718
128 26
373 30
769 860
33 26
360 615
96 819
512 56
781 4
273 52
248 554
343 599
51 769
429 624
122 435
943 321
708 835
201 531
552 424
256 486
382 701
178 909
460 501
812 56
377 628
312 891
65 784
97 180
126 206
653 562
55 577
173 657
24 950
772 505
261 675
346 278
484 518
508 75
150 689
881 600
82 274
307 546
895 457
112 769
83 211
133 445
284 548
718 217
434 505
612 706
0 155
203 585
765 248
215 388
571 739
91 355
436 612
197 877
851 754
161 787
998 876
257 332
326 439
214 8
544 209
653 409
340 653
721 531
215 664
88 444
879 248
925 405
754 156
162 505
739 829
440 125
827 548
117 221
248 686
752 496
540 154
299 601
653 156
549 687
628 689
332 814
508 842
484 476
794 614
294 552
115 656
584 580
862 456
957 931
694 53
945 517
708 304
218 552
776 852
734 497
553 953
934 680
329 407
204 841
150 144
142 159
886 807
718 259
850 420
109 866
389 17
172 892
290 103
735 777
136 969
750 238
985 413
831 843
40 403
627 60
172 346
8 524
654 903
13 348
425 470
465 837
38 465
643 914
997 328
225 424
850 562
900 25
692 361
356 200
461 92
933 0
686 421
662 277
419 867
889 227
510 147
804 269
771 687
220 654
95 352
944 84
110 856
673 154
144 472
468 132
255 792
808 701
479 389
987 893
754 852
268 903
79 285
916 966
886 923
599 367
779 399
528 881
245 20
614 297
562 766
729 290
793 244
16 370
835 584
470 589
128 530
416 448
229 627
869 464
296 456
836 864
942 315
260 651
918 833
767 351
266 95
464 459
121 234
214 680
899 907
781 683
59 633
141 504
858 376
393 858
621 399
943 71
373 455
623 513
983 16
705 287
552 174
615 474
295 512
492 411
743 793
953 762
407 191
482 201
39 593
513 487
417 998
886 440
138 88
385 305
948 128
734 586
641 691
556 317
334 233
266 290
505 334
62 21
497 162
620 343
145 731
567 320
392 402
327 159
224 667
663 664
752 525
617 932
841 50
713 903
465 681
115 338
327 47
649 840
269 252
773 638
179 417
872 172
389 791
212 776
707 402
172 921
177 845
910 609
194 319
74 148
830 4
154 533
685 902
950 384
591 258
307 850
465 655
727 420
486 824
915 591
456 803
365 985
41 90
10 317
883 255
916 713
583 789
269 497
446 769
33 625
866 63
393 695
744 369
961 639
605 227
79 784
2 417
30 684
277 241
655 140
533 469
163 666
322 633
448 520
838 324
973 166
372 609
227 321
868 876
330 639
383 722
837 343
757 665
139 284
161 390
251 699
934 662
91 74
649 972
213 440
138 849
879 212
368 466
565 421
87 459
509 416
201 49
87 856
638 414
455 72
345 805
544 324
418 109
959 110
249 18
977 564
325 566
546 798
49 327
755 573
888 579
999 927
445 94
34 919
793 220
799 98
417 114
236 732
995 934
692 841
102 255
617 719
348 958
371 336
333 508
442 222
872 478
552 36
659 520
737 495
662 750
261 416
114 0
760 861
485 887
964 390
728 615
522 110
598 496
14 13
356 885
549 370
823 301
206 614
981 168
482 580
537 33
577 924
599 330
442 694
407 302
879 756
273 951
19 265
710 503
113 205
951 748
354 130
365 477
906 881
556 641
832 317
892 367
625 66
165 15
535 926
982 831
11 925
930 83
252 227
865 492
706 265
710 40
796 515
618 66
234 785
876 120
728 73
507 915
720 285
290 596
923 16
62 297
971 180
991 326
48 280
576 209
0 3
6 8
9 10
18 19
22 23
26 27
28 29
31 32
33 34
35 36
37 38
39 42
43 46
47 48
52 53
54 58
59 61
62 63
64 65
67 68
69 73
75 76
78 79
80 81
82 83
85 86
87 90
92 93
95 96
97 98
99 101
104 106
109 111
113 114
115 117
118 119
121 122
123 124
126 127
128 129
130 138
139 144
145 146
147 148
149 151
152 153
156 157
158 160
164 165
167 170
172 174
178 179
180 181
186 187
189 190
193 194
195 196
197 202
203 208
209 210
212 214
215 216
220 221
225 226
227 228
229 231
232 234
236 237
238 239
240 241
242 243
246 249
251 253
254 255
257 259
260 263
266 268
269 270
272 273
274 276
277 278
279 280
281 282
284 285
288 290
291 292
299 300
301 306
309 312
315 318
319 320
323 324
325 326
329 330
331 332
333 336
341 343
345 346
347 348
349 351
355 356
359 361
363 364
365 367
368 369
372 373
374 375
379 380
381 384
387 389
390 395
397 398
403 405
407 410
411 416
420 431
432 433
437 438
439 441
444 445
449 450
453 454
455 456
459 460
463 466
472 475
480 481
484 487
491 495
496 498
503 504
506 507
509 510
512 516
519 520
521 522
526 527
530 531
532 533
534 536
537 539
540 542
545 547
549 551
553 556
557 559
561 562
563 565
566 568
572 575
578 580
581 589
591 597
601 602
606 607
608 609
611 612
616 622
623 624
627 629
630 632
633 635
638 639
640 641
643 646
647 650
651 652
653 654
655 656
658 659
660 662
665 667
669 670
672 673
674 678
679 682
683 686
687 689
690 691
692 697
698 699
701 705
708 709
712 715
719 722
728 729
730 733
734 737
738 739
740 741
743 744
745 747
748 749
751 753
754 755
756 758
759 762
763 764
765 767
768 769
770 771
772 775
776 777
783 785
786 787
788 789
790 791
793 797
801 805
806 808
811 812
815 816
817 823
826 830
832 833
836 840
841 842
844 848
850 851
852 857
858 859
860 862
864 866
867 868
869 873
874 875
876 877
878 879
883 885
887 888
893 897
899 901
902 906
908 911
912 913
916 917
919 921
926 927
928 930
931 933
935 936
940 942
943 945
947 948
949 950
951 952
955 956
957 958
959 960
962 963
965 966
967 971
972 973
974 975
976 977
981 982
984 985
989 990
995 999
