1000
1 0
2 0
3 1
4 3
5 0
6 2
7 6
8 4
9 7
10 6
11 2
12 10
13 1
14 8
15 6
16 10
17 10
18 9
19 7
20 19
21 0
22 9
23 12
24 22
25 19
26 17
27 8
28 11
29 0
30 29
31 13
32 18
33 4
34 1
35 22
36 31
37 1
38 14
39 11
40 22
41 9
42 39
43 36
44 7
45 5
46 18
47 16
48 18
49 10
50 8
51 45
52 1
53 36
54 45
55 44
56 16
57 27
58 39
59 43
60 59
61 24
62 56
63 44
64 57
65 23
66 6
67 61
68 2
69 41
70 41
71 16
72 26
73 21
74 67
75 67
76 37
77 13
78 31
79 35
80 15
81 22
82 53
83 82
84 54
85 62
86 14
87 63
88 82
89 87
90 40
91 36
92 41
93 8
94 63
95 28
96 48
97 65
98 1
99 62
100 26
101 0
102 23
103 67
104 32
105 87
106 95
107 80
108 25
109 35
110 77
111 34
112 85
113 63
114 11
115 63
116 90
117 14
118 14
119 77
120 34
121 45
122 39
123 86
124 48
125 110
126 10
127 10
128 92
129 121
130 38
131 66
132 43
133 80
134 46
135 33
136 94
137 6
138 32
139 122
140 99
141 52
142 34
143 69
144 118
145 81
146 109
147 139
148 144
149 132
150 35
151 87
152 147
153 105
154 39
155 143
156 78
157 156
158 64
159 3
160 96
161 140
162 124
163 67
164 56
165 5
166 58
167 149
168 119
169 161
170 116
171 140
172 7
173 5
174 50
175 117
176 8
177 64
178 139
179 22
180 165
181 51
182 103
183 132
184 73
185 9
186 147
187 29
188 48
189 118
190 21
191 173
192 86
193 162
194 56
195 73
196 54
197 32
198 167
199 192
200 175
201 57
202 128
203 174
204 48
205 9
206 196
207 181
208 110
209 37
210 50
211 178
212 49
213 98
214 196
215 45
216 208
217 126
218 40
219 61
220 33
221 39
222 80
223 159
224 89
225 116
226 64
227 37
228 132
229 170
230 63
231 206
232 170
233 45
234 53
235 84
236 103
237 194
238 184
239 25
240 28
241 5
242 73
243 229
244 215
245 50
246 177
247 218
248 188
249 147
250 230
251 187
252 230
253 193
254 36
255 2
256 122
257 114
258 13
259 17
260 31
261 210
262 257
263 31
264 44
265 253
266 38
267 12
268 199
269 234
270 8
271 246
272 151
273 258
274 147
275 10
276 260
277 54
278 264
279 188
280 57
281 259
282 70
283 11
284 107
285 171
286 32
287 222
288 91
289 189
290 58
291 46
292 99
293 85
294 129
295 62
296 194
297 77
298 78
299 124
300 193
301 279
302 38
303 212
304 241
305 244
306 49
307 264
308 292
309 277
310 163
311 119
312 28
313 73
314 191
315 182
316 115
317 49
318 249
319 266
320 65
321 314
322 214
323 301
324 320
325 319
326 79
327 19
328 303
329 237
330 261
331 61
332 125
333 7
334 92
335 126
336 0
337 333
338 299
339 84
340 46
341 9
342 180
343 184
344 88
345 42
346 246
347 189
348 327
349 304
350 121
351 60
352 37
353 99
354 44
355 351
356 285
357 56
358 304
359 55
360 222
361 255
362 2
363 284
364 274
365 126
366 151
367 309
368 358
369 327
370 340
371 0
372 3
373 282
374 3
375 351
376 233
377 133
378 142
379 209
380 351
381 174
382 375
383 206
384 27
385 101
386 71
387 15
388 222
389 330
390 135
391 134
392 101
393 203
394 30
395 70
396 193
397 160
398 371
399 99
400 265
401 202
402 63
403 387
404 206
405 143
406 91
407 237
408 267
409 98
410 139
411 260
412 139
413 167
414 343
415 217
416 24
417 174
418 336
419 248
420 281
421 127
422 218
423 395
424 360
425 418
426 176
427 268
428 274
429 240
430 118
431 35
432 156
433 242
434 79
435 348
436 369
437 21
438 410
439 318
440 346
441 11
442 170
443 354
444 58
445 55
446 17
447 260
448 142
449 230
450 3
451 77
452 424
453 178
454 362
455 25
456 41
457 318
458 325
459 172
460 324
461 107
462 286
463 241
464 436
465 127
466 439
467 39
468 321
469 238
470 128
471 357
472 402
473 165
474 110
475 359
476 360
477 115
478 59
479 42
480 83
481 136
482 87
483 47
484 44
485 40
486 213
487 137
488 309
489 406
490 137
491 458
492 40
493 444
494 241
495 363
496 51
497 455
498 103
499 334
500 405
501 218
502 7
503 150
504 464
505 53
506 342
507 122
508 307
509 143
510 235
511 185
512 87
513 502
514 427
515 249
516 296
517 407
518 470
519 490
520 473
521 107
522 483
523 469
524 398
525 285
526 418
527 178
528 463
529 340
530 500
531 218
532 247
533 107
534 357
535 531
536 239
537 337
538 375
539 181
540 181
541 491
542 286
543 507
544 407
545 94
546 171
547 542
548 229
549 34
550 257
551 190
552 256
553 184
554 346
555 527
556 409
557 44
558 515
559 328
560 378
561 157
562 345
563 525
564 228
565 71
566 560
567 77
568 123
569 61
570 396
571 291
572 534
573 414
574 568
575 439
576 318
577 370
578 460
579 269
580 375
581 160
582 579
583 303
584 102
585 92
586 391
587 519
588 34
589 440
590 150
591 186
592 122
593 12
594 181
595 334
596 568
597 217
598 543
599 182
600 152
601 520
602 193
603 106
604 176
605 65
606 301
607 159
608 36
609 140
610 241
611 410
612 85
613 186
614 409
615 481
616 527
617 230
618 173
619 469
620 481
621 110
622 191
623 613
624 66
625 546
626 147
627 250
628 410
629 620
630 284
631 310
632 498
633 274
634 153
635 545
636 209
637 155
638 341
639 185
640 443
641 280
642 185
643 83
644 100
645 618
646 425
647 446
648 423
649 181
650 469
651 161
652 321
653 201
654 484
655 652
656 454
657 315
658 87
659 164
660 343
661 20
662 299
663 244
664 277
665 462
666 401
667 134
668 141
669 36
670 284
671 439
672 281
673 38
674 453
675 183
676 584
677 380
678 613
679 372
680 642
681 181
682 196
683 240
684 215
685 567
686 321
687 278
688 475
689 572
690 194
691 301
692 290
693 23
694 479
695 349
696 205
697 59
698 258
699 401
700 293
701 429
702 317
703 587
704 401
705 619
706 414
707 207
708 172
709 22
710 670
711 271
712 293
713 519
714 424
715 147
716 371
717 591
718 593
719 157
720 371
721 19
722 29
723 154
724 112
725 710
726 137
727 196
728 567
729 78
730 335
731 604
732 321
733 614
734 488
735 212
736 375
737 167
738 493
739 426
740 193
741 394
742 367
743 546
744 139
745 622
746 656
747 734
748 428
749 12
750 748
751 720
752 724
753 46
754 93
755 134
756 381
757 226
758 283
759 705
760 102
761 323
762 422
763 327
764 89
765 13
766 177
767 372
768 31
769 379
770 0
771 668
772 139
773 73
774 716
775 610
776 23
777 216
778 65
779 49
780 391
781 377
782 424
783 418
784 320
785 30
786 615
787 305
788 216
789 512
790 54
791 582
792 294
793 406
794 52
795 359
796 724
797 455
798 352
799 328
800 670
801 691
802 584
803 133
804 761
805 182
806 154
807 67
808 256
809 0
810 775
811 369
812 327
813 96
814 335
815 584
816 29
817 156
818 746
819 158
820 655
821 389
822 336
823 299
824 483
825 805
826 274
827 452
828 763
829 545
830 741
831 63
832 774
833 583
834 734
835 325
836 480
837 640
838 71
839 159
840 823
841 768
842 721
843 649
844 402
845 591
846 517
847 577
848 830
849 646
850 419
851 691
852 763
853 485
854 545
855 123
856 201
857 119
858 7
859 299
860 686
861 311
862 135
863 340
864 141
865 203
866 417
867 449
868 499
869 715
870 834
871 466
872 745
873 284
874 804
875 509
876 322
877 171
878 487
879 324
880 504
881 9
882 168
883 697
884 399
885 553
886 484
887 549
888 637
889 552
890 546
891 454
892 104
893 272
894 862
895 864
896 870
897 451
898 500
899 636
900 344
901 745
902 169
903 661
904 67
905 718
906 445
907 355
908 543
909 414
910 575
911 126
912 141
913 139
914 806
915 616
916 237
917 191
918 573
919 206
920 625
921 439
922 551
923 807
924 262
925 789
926 392
927 200
928 773
929 683
930 691
931 904
932 921
933 664
934 421
935 283
936 223
937 285
938 167
939 56
940 662
941 814
942 129
943 238
944 851
945 154
946 808
947 929
948 538
949 623
950 37
951 296
952 587
953 665
954 871
955 7
956 939
957 569
958 207
959 936
960 734
961 570
962 911
963 807
964 406
965 348
966 403
967 285
968 139
969 453
970 1
971 259
972 479
973 767
974 661
975 854
976 364
977 487
978 406
979 345
980 661
981 974
982 227
983 245
984 318
985 322
986 850
987 83
988 632
989 719
990 343
991 338
992 453
993 258
994 483
995 896
996 236
997 274
998 755
999 796
546 967
546 910
406 861
747 6
134 578
229 539
303 720
590 726
638 656
824 80
245 770
975 2
631 209
36 305
411 133
925 223
368 746
894 932
942 494
752 372
132 952
228 785
524 476
253 465
263 427
255 587
222 735
96 963
398 364
369 597
55 929
136 646
73 262
94 829
428 936
200 281
162 376
204 164
651 825
426 589
309 656
948 564
950 238
172 22
240 449
200 936
951 841
804 912
570 734
685 438
563 870
813 650
573 732
632 616
353 292
202 646
141 307
691 86
218 372
528 486
368 581
750 701
864 184
309 440
901 93
496 707
232 13
557 451
431 241
589 287
10 617
217 711
370 544
926 549
741 77
975 128
362 676
655 208
245 731
751 259
976 577
922 206
743 576
786 63
494 659
62 7
297 379
859 901
55 980
708 214
668 116
807 112
298 395
813 717
660 469
694 526
278 605
943 109
284 988
953 660
661 775
799 987
787 406
364 820
970 65
166 900
731 589
363 514
701 220
630 921
134 579
174 18
203 620
276 523
994 820
374 188
56 879
221 568
796 719
15 208
934 468
34 827
110 85
462 650
845 149
766 695
322 744
331 734
731 628
132 532
957 917
957 36
355 241
515 177
615 722
66 821
696 297
164 311
944 536
710 51
816 568
560 444
770 273
880 581
259 744
652 5
811 730
122 832
330 975
38 938
865 58
408 622
458 253
150 141
909 249
125 138
857 226
448 114
707 313
451 690
173 572
239 696
974 560
145 739
994 143
657 15
638 476
428 152
490 570
127 216
739 701
425 299
604 264
459 343
880 61
942 538
351 116
681 940
739 651
102 131
13 539
808 604
129 411
747 503
675 173
136 276
564 503
796 906
541 164
404 791
318 825
678 697
988 756
231 106
741 486
421 810
321 601
920 958
639 820
66 175
904 579
31 782
93 427
379 851
872 476
335 620
553 136
712 82
240 872
188 64
289 701
33 613
753 115
124 112
59 842
611 947
64 174
8 289
665 663
314 17
674 211
217 804
892 310
382 19
663 68
725 521
963 437
952 447
417 47
929 887
915 194
275 113
852 716
717 809
845 68
421 105
405 604
749 218
620 352
269 742
517 692
805 137
534 658
388 174
501 999
658 350
297 207
238 595
89 975
853 946
133 665
40 263
999 557
408 282
949 66
49 888
55 828
232 45
807 967
130 276
865 777
539 145
761 654
872 613
28 69
417 497
268 232
742 606
123 81
693 377
435 751
262 196
727 64
611 79
962 336
335 558
610 600
985 988
360 994
5 941
87 585
879 473
7 325
613 900
557 131
889 338
257 220
111 720
435 380
25 717
690 978
925 96
187 880
871 731
634 336
888 109
192 982
83 758
82 165
456 531
505 801
679 377
907 340
530 190
286 276
631 779
780 889
833 158
896 60
66 539
91 947
47 450
938 258
728 909
96 531
106 240
556 894
683 435
799 83
90 187
748 316
320 132
972 128
719 731
997 554
197 223
54 184
772 200
9 119
978 624
790 236
784 199
40 398
90 306
519 791
418 523
665 208
944 459
597 420
882 372
134 853
188 916
888 787
149 211
482 779
750 325
648 716
495 27
283 861
615 852
119 249
703 18
370 949
964 495
860 248
192 901
559 217
276 84
292 719
724 951
559 553
239 328
281 974
169 738
712 902
151 685
589 808
870 547
841 205
656 553
13 161
204 586
484 522
920 125
327 896
6 815
14 541
497 11
582 518
803 150
43 279
500 527
467 357
785 539
484 765
390 127
283 626
521 302
714 52
533 467
509 939
719 96
641 532
634 481
689 828
328 435
397 760
701 591
29 574
598 929
180 948
419 800
365 998
460 155
286 248
282 276
827 190
935 110
770 807
523 899
695 247
300 14
308 691
313 128
862 248
539 910
534 348
968 143
898 838
606 123
976 50
505 326
910 404
617 804
337 294
250 359
585 485
241 748
821 901
448 324
344 140
559 822
95 388
656 241
173 778
284 248
430 252
542 110
420 656
956 728
929 927
262 514
386 192
789 9
876 481
265 248
303 288
315 39
492 837
906 990
898 270
324 202
735 567
233 764
236 918
743 357
425 479
152 573
739 89
870 123
494 928
454 758
965 131
543 785
395 109
445 717
277 1
431 905
286 134
81 877
38 698
174 364
968 411
117 816
135 144
255 215
764 231
371 138
374 47
622 519
535 813
458 220
919 637
274 812
888 734
983 71
757 664
450 49
711 545
551 172
589 866
418 249
735 257
64 538
527 136
261 907
733 626
165 855
798 710
385 7
112 380
1 2
4 5
10 11
12 14
15 17
23 24
25 26
28 30
31 32
34 35
36 38
40 41
42 44
45 46
47 48
49 50
56 58
59 60
62 63
66 67
68 69
70 71
72 73
74 75
76 77
80 82
85 89
95 96
97 98
99 101
105 107
108 109
112 114
116 117
120 121
126 127
132 133
137 138
139 140
142 144
145 146
147 148
150 155
157 158
160 162
164 165
167 169
172 175
176 179
180 181
186 189
192 194
195 198
199 200
201 204
205 208
211 212
214 218
219 222
224 225
226 228
230 231
233 238
241 243
244 246
247 248
250 251
254 256
257 258
259 261
262 263
265 268
269 274
276 278
279 281
283 284
285 289
293 294
295 296
303 304
305 307
309 310
311 312
313 314
315 324
325 328
329 330
332 334
335 336
337 338
339 340
343 344
345 346
347 351
352 355
356 357
361 362
363 364
366 368
371 373
374 375
383 384
388 391
393 400
402 404
405 406
407 408
409 412
413 415
416 419
420 426
431 432
433 434
435 439
440 441
442 444
445 448
449 450
455 457
459 460
461 462
467 469
471 472
473 474
477 478
481 484
485 486
487 489
490 495
497 503
505 506
508 509
510 511
513 514
515 516
517 519
521 527
529 532
537 539
540 541
542 545
548 549
550 551
553 555
561 562
564 565
566 568
571 572
577 580
581 582
585 588
592 594
596 597
599 602
603 604
606 607
608 609
610 611
612 616
617 620
621 626
627 629
631 632
633 634
635 637
638 643
644 645
647 650
651 652
653 655
656 658
660 661
663 664
665 666
667 668
669 670
671 672
673 677
680 682
683 684
685 687
688 690
695 696
697 699
700 702
704 706
707 709
711 712
713 717
723 728
729 734
736 737
739 740
742 743
744 745
746 747
750 751
754 758
759 761
762 763
764 769
771 775
776 779
781 783
787 788
789 791
792 793
794 795
797 799
802 804
805 816
817 818
819 821
825 826
827 828
831 835
836 839
840 841
843 844
845 846
847 848
849 851
852 853
856 858
861 862
863 864
865 867
868 869
870 871
873 874
875 878
879 881
883 884
885 886
888 889
890 891
893 894
895 897
898 900
901 903
904 906
907 908
909 913
914 920
921 923
924 925
930 931
933 937
938 939
942 944
945 947
948 949
951 952
954 955
957 959
960 961
963 966
967 968
969 971
973 975
976 977
978 979
981 984
986 989
991 992
993 995
996 999
