1000
1 0
2 0
3 2
4 1
5 1
6 2
7 1
8 4
9 7
10 2
11 10
12 2
13 7
14 6
15 7
16 6
17 14
18 12
19 5
20 3
21 20
22 20
23 3
24 16
25 19
26 17
27 8
28 1
29 0
30 2
31 0
32 12
33 9
34 22
35 11
36 21
37 35
38 20
39 22
40 28
41 29
42 27
43 29
44 43
45 1
46 34
47 32
48 40
49 42
50 31
51 42
52 7
53 30
54 22
55 14
56 40
57 18
58 44
59 38
60 20
61 19
62 48
63 18
64 43
65 46
66 60
67 34
68 65
69 14
70 69
71 1
72 25
73 59
74 33
75 70
76 16
77 23
78 75
79 5
80 62
81 26
82 27
83 43
84 4
85 28
86 18
87 76
88 55
89 69
90 69
91 50
92 41
93 40
94 10
95 39
96 86
97 40
98 39
99 66
100 64
101 45
102 79
103 26
104 95
105 23
106 10
107 26
108 21
109 77
110 58
111 40
112 19
113 78
114 104
115 99
116 83
117 53
118 52
119 93
120 98
121 23
122 100
123 53
124 24
125 85
126 23
127 102
128 83
129 119
130 39
131 11
132 111
133 68
134 98
135 132
136 100
137 14
138 10
139 27
140 123
141 108
142 125
143 38
144 107
145 35
146 52
147 122
148 47
149 29
150 59
151 22
152 124
153 113
154 105
155 52
156 149
157 116
158 94
159 0
160 66
161 115
162 6
163 47
164 85
165 119
166 61
167 165
168 41
169 151
170 169
171 72
172 40
173 156
174 29
175 63
176 41
177 43
178 93
179 84
180 103
181 133
182 91
183 101
184 2
185 39
186 57
187 84
188 52
189 2
190 116
191 39
192 63
193 125
194 16
195 95
196 1
197 56
198 22
199 43
200 77
201 159
202 185
203 147
204 82
205 165
206 30
207 36
208 50
209 80
210 57
211 132
212 17
213 105
214 106
215 197
216 48
217 143
218 88
219 125
220 45
221 199
222 88
223 82
224 145
225 30
226 207
227 160
228 90
229 70
230 161
231 22
232 42
233 130
234 125
235 165
236 88
237 227
238 126
239 17
240 154
241 28
242 132
243 121
244 104
245 210
246 127
247 157
248 41
249 55
250 247
251 135
252 233
253 28
254 141
255 122
256 136
257 50
258 257
259 164
260 117
261 238
262 49
263 69
264 173
265 242
266 169
267 175
268 22
269 177
270 48
271 64
272 148
273 147
274 105
275 22
276 73
277 11
278 82
279 211
280 218
281 218
282 61
283 282
284 258
285 204
286 46
287 85
288 131
289 112
290 119
291 181
292 211
293 287
294 183
295 73
296 169
297 131
298 105
299 201
300 160
301 117
302 173
303 36
304 53
305 11
306 58
307 22
308 302
309 39
310 42
311 112
312 287
313 15
314 197
315 124
316 30
317 18
318 193
319 177
320 138
321 163
322 189
323 276
324 241
325 154
326 105
327 172
328 67
329 27
330 43
331 313
332 43
333 231
334 1
335 73
336 49
337 242
338 307
339 108
340 197
341 72
342 97
343 102
344 340
345 47
346 334
347 125
348 340
349 76
350 124
351 280
352 343
353 27
354 59
355 69
356 197
357 43
358 7
359 187
360 311
361 338
362 167
363 73
364 305
365 186
366 123
367 366
368 123
369 17
370 228
371 7
372 301
373 58
374 5
375 82
376 284
377 355
378 360
379 96
380 301
381 0
382 217
383 269
384 60
385 76
386 258
387 364
388 329
389 12
390 23
391 115
392 48
393 36
394 296
395 59
396 364
397 203
398 242
399 295
400 360
401 201
402 113
403 192
404 329
405 337
406 303
407 69
408 259
409 389
410 212
411 32
412 279
413 369
414 367
415 126
416 366
417 91
418 410
419 249
420 340
421 367
422 84
423 23
424 307
425 181
426 78
427 50
428 379
429 257
430 259
431 30
432 396
433 321
434 111
435 153
436 204
437 106
438 381
439 292
440 327
441 387
442 138
443 346
444 279
445 77
446 398
447 392
448 352
449 239
450 206
451 201
452 390
453 378
454 231
455 302
456 324
457 329
458 371
459 193
460 418
461 261
462 157
463 270
464 170
465 237
466 18
467 362
468 23
469 5
470 158
471 223
472 58
473 359
474 396
475 138
476 450
477 288
478 67
479 382
480 455
481 65
482 438
483 387
484 80
485 138
486 474
487 197
488 398
489 94
490 207
491 460
492 81
493 377
494 37
495 329
496 295
497 102
498 178
499 208
500 403
501 362
502 132
503 239
504 160
505 385
506 146
507 62
508 159
509 163
510 231
511 474
512 124
513 476
514 25
515 14
516 100
517 308
518 251
519 195
520 510
521 405
522 346
523 196
524 225
525 192
526 362
527 295
528 70
529 224
530 9
531 265
532 209
533 490
534 350
535 526
536 367
537 229
538 527
539 274
540 230
541 172
542 125
543 74
544 195
545 454
546 404
547 33
548 500
549 59
550 375
551 7
552 352
553 81
554 315
555 266
556 552
557 338
558 18
559 76
560 524
561 166
562 243
563 10
564 455
565 235
566 207
567 388
568 73
569 204
570 23
571 128
572 203
573 180
574 72
575 479
576 512
577 505
578 263
579 397
580 266
581 325
582 370
583 470
584 135
585 8
586 196
587 73
588 452
589 569
590 56
591 15
592 461
593 139
594 68
595 311
596 67
597 359
598 323
599 95
600 202
601 462
602 335
603 439
604 214
605 115
606 17
607 248
608 290
609 128
610 475
611 609
612 244
613 54
614 227
615 364
616 480
617 235
618 605
619 292
620 88
621 77
622 545
623 275
624 541
625 484
626 55
627 578
628 484
629 439
630 187
631 521
632 400
633 100
634 406
635 441
636 552
637 116
638 290
639 121
640 444
641 51
642 501
643 576
644 57
645 638
646 175
647 326
648 143
649 275
650 268
651 540
652 68
653 350
654 259
655 548
656 31
657 311
658 142
659 651
660 426
661 366
662 408
663 328
664 341
665 280
666 15
667 535
668 507
669 414
670 222
671 205
672 227
673 649
674 445
675 150
676 322
677 151
678 50
679 64
680 31
681 655
682 7
683 293
684 264
685 153
686 342
687 582
688 520
689 580
690 359
691 62
692 586
693 212
694 257
695 620
696 605
697 497
698 677
699 111
700 37
701 336
702 606
703 292
704 427
705 617
706 161
707 480
708 497
709 216
710 549
711 208
712 133
713 311
714 538
715 56
716 104
717 697
718 227
719 462
720 651
721 408
722 359
723 386
724 466
725 168
726 461
727 178
728 190
729 507
730 410
731 104
732 197
733 673
734 564
735 65
736 647
737 564
738 350
739 526
740 156
741 99
742 237
743 296
744 21
745 500
746 562
747 315
748 5
749 479
750 262
751 654
752 637
753 290
754 631
755 391
756 272
757 684
758 126
759 277
760 474
761 215
762 265
763 126
764 215
765 49
766 301
767 374
768 364
769 478
770 411
771 247
772 89
773 675
774 117
775 536
776 482
777 735
778 349
779 118
780 605
781 509
782 576
783 524
784 402
785 138
786 331
787 324
788 99
789 311
790 105
791 481
792 293
793 628
794 270
795 178
796 783
797 308
798 127
799 184
800 270
801 301
802 442
803 103
804 770
805 92
806 26
807 606
808 449
809 698
810 549
811 502
812 686
813 602
814 496
815 507
816 14
817 457
818 778
819 41
820 591
821 649
822 28
823 38
824 740
825 734
826 313
827 585
828 161
829 822
830 779
831 530
832 224
833 688
834 738
835 456
836 294
837 124
838 15
839 487
840 662
841 158
842 128
843 517
844 223
845 240
846 606
847 828
848 436
849 644
850 526
851 90
852 844
853 666
854 767
855 411
856 579
857 282
858 784
859 301
860 154
861 170
862 473
863 568
864 183
865 210
866 595
867 127
868 781
869 705
870 731
871 620
872 804
873 234
874 562
875 663
876 820
877 596
878 599
879 520
880 393
881 53
882 589
883 408
884 754
885 355
886 67
887 409
888 310
889 772
890 572
891 840
892 781
893 705
894 711
895 403
896 231
897 224
898 360
899 326
900 384
901 882
902 708
903 814
904 512
905 110
906 836
907 206
908 737
909 359
910 342
911 81
912 416
913 788
914 422
915 407
916 365
917 385
918 109
919 654
920 120
921 590
922 89
923 567
924 329
925 306
926 470
927 130
928 771
929 581
930 859
931 792
932 837
933 911
934 611
935 728
936 773
937 762
938 604
939 791
940 151
941 859
942 922
943 46
944 334
945 753
946 185
947 934
948 94
949 857
950 291
951 699
952 934
953 652
954 459
955 613
956 552
957 484
958 436
959 846
960 32
961 374
962 795
963 554
964 354
965 894
966 159
967 965
968 745
969 167
970 690
971 722
972 56
973 766
974 24
975 888
976 567
977 417
978 483
979 793
980 376
981 681
982 450
983 670
984 19
985 104
986 196
987 410
988 257
989 596
990 200
991 225
992 785
993 434
994 697
995 756
996 742
997 566
998 788
999 781
685 70
152 522
878 716
663 475
774 835
111 504
839 449
405 71
605 399
530 299
741 392
928 332
76 63
633 13
921 683
291 726
912 191
668 728
412 218
574 182
200 981
918 139
283 466
111 246
590 978
14 162
90 767
10 74
203 968
923 753
467 427
612 184
60 412
789 121
230 396
993 304
73 5
881 802
208 57
411 237
946 899
987 535
230 277
963 666
562 832
914 308
392 506
879 94
406 266
993 146
120 455
61 119
604 438
570 306
194 690
716 266
310 398
419 813
556 6
431 545
238 164
114 394
876 822
114 314
673 716
658 528
695 671
997 119
998 669
774 414
822 618
166 168
134 80
891 618
408 198
289 386
979 967
295 455
612 866
209 659
242 351
150 828
149 201
637 914
667 966
113 756
918 907
62 731
949 188
302 904
334 290
229 153
917 46
973 78
539 897
511 634
749 22
439 517
352 511
570 182
454 868
311 678
640 570
751 8
993 831
986 252
154 916
136 283
759 996
272 932
493 129
720 837
478 38
986 637
715 406
104 894
356 123
988 57
559 131
814 946
587 541
154 674
328 930
797 826
430 950
516 253
14 669
329 519
496 618
387 802
673 267
761 943
489 160
811 529
767 770
462 997
778 137
97 61
549 558
536 13
589 767
629 741
730 9
981 100
880 791
814 550
209 752
92 460
608 47
410 137
396 428
587 637
664 464
429 635
803 405
702 133
841 36
486 247
589 160
305 505
793 664
223 157
492 442
58 417
174 579
164 111
155 483
210 567
562 541
424 142
664 4
722 256
934 592
669 856
740 856
256 737
600 82
818 165
391 814
745 34
375 265
476 997
575 820
742 990
995 292
240 115
343 261
665 432
479 480
108 772
962 580
174 40
721 952
467 224
63 206
997 356
934 788
151 464
571 100
540 294
104 875
455 358
325 646
310 860
593 24
656 415
266 536
928 298
983 607
782 795
439 848
312 281
288 608
306 739
533 653
623 276
813 987
82 10
4 25
374 645
536 819
918 973
66 224
433 852
71 355
150 570
339 95
681 696
193 155
399 548
664 773
443 171
949 547
789 844
425 948
820 473
808 765
576 753
846 952
598 777
709 543
729 393
311 374
481 418
644 94
731 573
281 86
709 767
365 820
404 265
857 170
988 931
636 555
339 512
176 532
714 173
644 463
89 963
671 995
454 309
286 848
762 347
458 86
960 436
473 445
523 706
519 326
331 623
640 145
99 710
237 392
34 397
721 584
123 926
511 544
852 308
482 179
672 202
296 575
497 431
724 439
861 742
559 150
668 466
778 90
44 95
554 520
960 283
752 214
363 204
556 323
301 627
173 83
209 886
0 975
171 619
859 105
248 231
309 941
587 7
148 978
465 734
362 528
91 798
364 788
390 666
336 607
747 53
480 58
573 248
770 76
802 381
711 827
421 358
773 762
563 151
464 617
841 956
740 319
522 943
414 627
513 240
454 810
640 284
683 395
275 984
563 951
564 327
613 764
708 695
422 856
810 626
275 530
851 640
81 60
614 322
471 796
218 929
53 739
303 669
308 573
806 506
601 518
502 12
535 878
212 467
400 915
310 785
512 974
420 617
542 528
987 298
399 58
951 592
801 11
69 268
457 860
730 138
609 880
932 632
146 151
155 262
681 457
651 736
249 224
624 89
278 711
94 890
345 583
685 512
709 336
805 324
572 531
852 923
854 254
449 278
464 9
996 372
813 46
220 139
268 742
684 341
205 605
859 7
417 191
926 661
669 845
173 817
874 359
663 835
845 846
314 50
286 681
259 145
831 236
958 68
491 842
507 65
456 575
597 660
50 96
640 723
726 910
894 96
735 165
798 29
305 154
667 1
128 955
700 953
803 481
260 802
931 937
928 114
450 240
737 22
330 724
830 574
579 999
351 749
175 734
567 957
382 193
327 239
442 819
827 232
758 392
524 119
776 54
921 834
871 661
515 104
915 152
36 578
160 933
650 611
118 625
189 623
729 852
835 159
648 28
301 842
299 854
856 471
686 743
386 238
132 752
878 167
922 800
622 931
682 475
76 311
768 512
53 118
517 305
794 318
493 499
445 147
199 326
540 359
937 366
853 123
981 127
479 511
875 680
792 173
108 158
552 4
689 73
977 248
734 19
33 767
471 572
398 471
197 276
190 178
68 448
351 947
244 925
409 995
498 75
102 396
395 312
243 127
117 990
15 952
601 694
364 399
616 803
622 162
609 340
719 797
677 801
549 20
831 647
673 591
875 718
589 324
858 279
465 859
751 859
977 762
378 983
343 273
126 684
632 144
144 258
830 308
414 181
282 808
346 528
571 664
210 989
152 89
366 766
381 661
653 38
77 946
587 17
797 194
75 778
849 725
229 539
253 690
485 911
306 597
424 252
3 226
955 316
498 823
898 386
68 296
265 737
534 444
282 368
947 269
292 842
83 429
253 954
857 820
700 372
265 45
389 503
980 32
482 302
641 3
578 750
362 41
784 9
888 196
75 577
996 479
461 472
324 604
371 764
870 221
216 232
459 390
870 926
875 895
122 409
121 607
539 446
666 435
7 330
800 799
265 646
910 411
731 160
511 295
651 12
903 681
406 487
125 827
30 371
171 242
809 543
852 328
848 646
897 811
928 720
384 719
976 277
418 470
959 693
423 888
10 958
561 446
536 469
641 143
578 813
193 837
377 77
632 594
509 227
851 13
768 814
390 377
37 250
511 548
768 429
987 380
76 582
567 325
995 845
421 816
277 5
41 694
119 662
447 346
47 112
483 652
395 825
965 81
739 247
743 816
521 570
964 656
251 576
814 741
26 884
484 353
587 337
967 718
352 416
95 922
698 665
782 908
580 453
25 51
359 242
495 926
814 952
199 606
541 353
170 439
899 174
138 581
513 500
382 220
286 717
419 112
832 770
552 586
545 630
286 132
836 262
642 795
250 725
545 395
686 836
575 274
105 199
163 298
226 50
178 666
510 266
983 254
160 904
972 50
501 920
712 478
102 16
877 91
315 123
612 268
465 438
696 63
471 18
748 267
843 664
977 60
68 403
943 41
635 598
295 359
259 398
148 510
866 250
332 489
347 16
582 907
794 649
242 333
659 508
31 761
221 703
964 795
720 302
855 544
93 62
9 597
972 785
747 730
18 210
744 318
650 582
158 523
832 558
87 409
130 529
826 177
371 326
97 391
148 15
272 35
105 466
505 873
870 313
870 188
868 153
76 289
476 247
72 231
751 862
81 765
112 78
465 908
182 614
145 868
969 554
424 154
288 343
264 726
677 211
510 186
718 963
436 703
681 788
532 290
275 706
35 100
109 439
943 255
491 451
647 859
442 26
406 193
462 227
339 415
413 260
847 426
171 507
884 890
579 399
607 31
511 726
82 761
437 880
73 981
918 904
150 747
355 970
339 284
454 191
332 530
266 974
14 847
297 174
344 959
320 278
604 682
944 325
794 761
196 893
674 226
242 121
83 999
456 976
685 144
549 66
352 513
761 591
358 174
849 287
436 890
723 396
32 751
954 363
607 136
662 874
22 195
404 131
291 586
982 590
968 976
78 998
906 888
764 673
300 721
922 635
459 207
648 228
134 203
224 189
933 42
656 875
322 74
952 258
224 553
551 746
326 360
319 223
736 277
681 818
107 830
19 473
827 868
627 457
943 879
119 538
301 420
729 550
281 161
503 8
569 647
494 837
289 10
773 346
651 797
560 969
921 618
390 309
280 495
306 365
891 764
379 590
777 913
216 192
380 421
612 970
583 57
129 418
635 506
965 76
174 37
774 108
920 829
994 343
139 641
95 123
151 225
340 160
744 166
578 38
845 801
427 125
205 51
157 963
927 948
707 495
574 840
433 69
119 59
497 627
409 829
783 104
584 657
85 932
350 407
876 99
511 370
880 411
583 171
238 668
754 532
84 727
463 801
773 191
418 752
729 284
725 401
141 215
50 409
355 16
560 761
425 411
655 635
694 241
897 740
351 418
415 941
997 920
638 691
864 30
788 63
460 32
163 840
326 757
264 116
827 678
472 206
925 962
921 833
371 370
0 586
572 64
404 595
464 485
621 364
803 567
938 373
575 633
287 230
772 764
999 615
535 12
740 715
437 565
352 951
834 340
614 873
386 106
954 907
930 51
586 223
516 493
160 149
182 652
357 735
966 946
451 773
44 628
903 516
84 199
97 298
678 217
257 93
172 653
384 89
207 358
976 88
294 476
465 691
221 420
665 39
406 418
471 419
518 42
469 534
70 597
791 229
380 22
252 58
710 131
976 784
843 937
971 555
510 577
442 580
775 951
32 218
96 793
208 909
353 684
690 955
312 169
392 717
273 639
467 460
805 282
471 253
242 90
375 692
967 566
455 4
306 79
244 572
584 641
314 845
897 532
898 865
141 953
741 302
255 464
146 783
796 254
104 675
672 219
161 119
366 938
211 494
809 649
435 889
523 272
856 962
729 199
298 282
922 952
997 659
331 652
814 967
728 273
544 7
448 537
251 240
518 110
563 191
135 649
624 373
669 50
799 166
383 121
148 339
626 259
82 16
49 232
977 704
996 721
83 548
880 832
683 394
211 496
250 106
650 738
31 484
681 841
891 85
86 62
110 921
898 165
241 834
541 928
793 854
173 890
612 287
570 771
820 628
642 186
709 324
172 250
261 18
379 731
63 909
721 617
91 551
205 50
86 573
930 608
345 309
494 142
320 323
2 559
142 427
472 904
538 411
308 692
911 731
704 71
629 215
439 280
535 910
684 188
638 275
69 682
635 891
819 645
928 97
729 336
603 132
687 19
632 338
442 500
195 998
921 297
271 508
342 234
533 422
440 11
404 391
905 31
689 196
937 576
547 930
150 635
70 11
933 33
274 363
554 807
448 398
439 783
969 220
93 39
882 828
477 600
207 142
241 713
483 477
941 817
41 569
267 388
379 435
103 629
100 833
567 633
244 641
894 788
96 499
519 845
371 887
648 372
445 693
122 380
621 739
483 620
486 49
214 319
852 744
872 771
890 489
952 895
226 939
594 909
944 540
263 295
555 112
101 982
928 271
823 45
476 17
273 796
982 485
890 336
48 767
701 120
592 255
358 323
823 454
494 573
429 492
587 88
270 549
583 7
325 458
523 590
236 283
817 621
301 738
203 660
608 715
258 928
978 719
830 154
390 416
231 161
258 743
678 374
761 785
492 974
960 680
588 460
791 573
543 164
711 428
957 341
522 56
186 982
107 85
789 89
643 68
720 348
285 897
468 908
583 488
709 916
277 190
574 924
980 276
640 157
447 270
708 408
434 242
947 550
185 236
525 610
523 46
518 963
433 909
850 806
477 247
249 512
960 136
619 440
716 643
32 403
659 285
84 977
2 934
126 445
758 905
588 155
697 539
581 641
993 488
802 192
30 761
866 292
901 1
216 790
781 55
611 619
757 30
186 173
785 23
810 903
311 728
509 6
442 758
65 123
962 246
458 14
702 266
997 588
288 367
530 192
907 914
12 456
595 474
113 254
936 745
545 47
201 109
940 561
273 715
357 405
689 947
725 643
770 198
909 213
892 812
572 172
344 650
296 479
287 544
909 834
717 1
367 242
390 491
726 614
139 199
333 586
504 731
775 701
869 514
63 106
311 661
746 132
555 938
579 747
918 75
170 779
596 762
890 435
587 160
917 667
587 405
239 518
372 81
812 551
796 993
967 128
331 461
192 382
781 327
456 873
892 134
660 391
856 336
332 911
548 910
247 955
157 769
453 446
393 602
168 429
514 975
664 115
326 898
442 389
468 251
28 924
165 878
463 304
269 719
322 809
468 362
247 89
734 455
940 854
579 298
976 299
643 377
719 78
234 550
340 908
140 396
234 801
69 655
216 444
399 748
879 110
321 623
489 835
361 804
751 713
766 421
814 525
508 249
704 430
332 30
755 865
63 926
568 811
720 52
42 533
899 506
392 441
334 707
217 788
146 859
691 660
502 6
696 144
200 566
366 886
368 670
73 287
620 635
208 775
186 731
216 105
213 661
609 351
878 888
931 895
374 432
796 554
254 738
561 726
612 601
246 99
594 529
788 458
620 569
646 568
198 366
536 675
920 874
861 52
927 523
139 122
961 247
325 447
596 797
221 364
187 728
84 672
926 365
47 477
461 91
807 195
906 322
414 526
64 723
585 163
27 568
158 416
459 289
170 35
816 78
233 678
731 553
184 804
110 758
99 293
415 116
928 26
508 776
306 7
200 800
311 386
503 765
352 525
266 145
878 840
847 160
603 47
928 460
516 947
70 968
41 100
434 582
357 132
127 524
889 423
640 960
504 670
570 93
782 643
373 350
842 567
348 591
45 383
566 434
957 766
825 39
571 299
123 933
214 378
772 157
825 1
587 135
664 649
75 876
434 244
265 569
947 477
181 925
569 811
651 570
713 224
325 623
638 30
815 14
861 649
318 873
503 136
773 928
396 516
782 317
528 283
170 153
157 422
293 719
677 830
337 734
386 662
949 372
269 258
641 493
343 213
49 867
87 960
227 664
272 878
583 654
709 4
979 48
164 446
136 369
709 413
188 402
822 140
269 906
356 178
942 245
32 26
809 927
987 621
633 530
479 42
867 778
404 667
169 586
188 489
74 544
460 626
753 387
303 990
9 957
376 130
850 643
324 51
930 401
257 652
883 122
39 507
236 229
498 413
935 12
497 650
295 918
462 851
652 244
658 440
917 905
660 630
144 314
334 405
945 973
333 136
852 286
595 254
280 564
282 901
739 58
503 798
940 321
584 59
689 242
963 389
189 898
661 723
285 863
12 868
56 463
530 77
17 775
662 95
930 33
624 495
119 911
577 905
212 363
589 263
235 993
726 666
862 436
174 340
365 485
361 164
581 323
596 808
886 36
566 249
870 641
401 0
511 399
261 614
410 594
426 210
415 828
503 323
459 467
148 277
291 769
728 257
147 269
16 652
734 558
421 857
593 624
496 995
928 807
317 539
948 80
66 600
586 412
495 891
746 402
949 686
910 470
918 961
369 277
286 484
160 900
93 490
490 188
510 147
758 898
637 515
129 253
52 792
587 265
888 761
460 904
604 657
264 328
762 947
444 600
569 248
715 459
624 539
82 903
125 878
493 960
962 509
4 686
236 776
501 493
442 759
367 122
743 917
336 51
19 991
460 191
12 822
370 397
733 296
557 993
248 324
348 569
973 836
102 157
983 901
94 493
311 618
430 645
568 663
211 643
398 441
229 312
547 539
89 957
7 827
221 477
76 243
832 80
412 195
75 665
903 723
280 965
12 110
413 59
171 627
909 523
117 221
892 375
473 970
956 302
349 161
593 15
84 788
453 203
209 349
184 51
777 605
128 752
702 624
913 434
246 300
258 48
534 847
940 214
36 984
943 765
224 534
610 404
479 356
570 496
961 177
784 928
803 884
760 834
390 157
403 534
230 334
353 499
477 265
846 78
469 423
486 255
387 186
313 768
322 407
561 150
833 207
235 931
478 793
223 337
926 382
932 321
499 254
488 649
91 896
28 484
241 70
49 292
442 103
257 146
606 750
300 502
88 175
629 386
108 354
696 432
597 776
474 325
200 450
373 77
336 522
559 613
214 801
254 647
717 239
234 440
832 536
750 302
481 604
693 541
238 343
61 632
538 335
779 941
989 85
291 217
489 162
337 43
362 50
249 661
705 414
903 172
926 747
204 745
15 384
110 383
137 38
251 869
249 720
682 790
984 153
998 603
289 956
727 171
664 775
719 273
273 113
742 867
778 434
106 35
982 578
446 166
351 313
894 225
439 758
276 204
515 819
115 191
133 622
422 937
820 706
907 847
146 627
505 697
266 537
443 800
396 900
768 116
926 334
624 634
616 878
774 515
244 440
741 727
841 369
752 792
955 561
329 12
792 529
365 513
497 756
867 981
979 122
223 878
817 159
648 963
16 499
786 118
46 218
64 25
616 355
810 661
615 390
278 634
414 255
966 217
27 615
422 477
303 321
929 263
572 762
239 801
586 490
661 714
726 247
433 272
63 184
440 772
878 423
605 927
874 368
672 747
124 286
242 748
910 501
104 805
619 794
555 815
179 638
995 99
926 809
419 897
562 940
797 17
635 863
187 279
5 808
271 764
185 605
256 231
274 81
930 434
411 522
384 328
871 20
792 245
516 790
51 526
996 569
783 536
42 65
835 156
758 892
519 952
957 904
934 760
224 394
297 667
526 760
793 11
305 847
448 932
690 48
332 93
546 910
41 716
855 379
778 204
135 648
660 66
747 331
919 110
35 283
578 100
98 15
482 721
462 860
142 315
326 773
338 90
776 949
182 939
758 768
347 354
12 479
209 199
665 226
696 122
440 896
289 929
266 43
383 400
801 846
704 695
571 872
842 671
25 786
172 974
99 692
530 19
707 350
532 787
138 210
676 18
906 511
882 205
770 215
389 483
535 2
824 572
277 860
159 746
322 538
693 20
915 10
324 818
654 480
975 186
891 101
87 465
479 25
209 101
38 473
16 175
812 532
748 254
673 679
398 726
135 473
270 720
305 16
356 627
657 82
448 400
182 960
934 835
649 197
337 277
890 724
379 246
140 975
14 344
521 60
2 671
883 498
428 77
745 81
311 458
250 663
609 672
985 367
92 748
436 948
984 425
331 12
882 638
426 719
379 952
467 823
104 874
571 641
249 936
511 617
680 716
99 204
95 359
774 415
734 153
742 605
128 212
235 21
962 699
387 874
679 848
442 315
43 594
195 475
626 293
631 172
499 636
456 252
766 297
19 234
111 285
256 17
231 699
256 923
910 55
146 985
630 925
329 654
63 995
142 68
203 232
949 134
765 750
431 4
874 746
819 701
372 573
761 615
647 914
973 338
458 592
444 234
924 898
751 123
641 826
609 47
823 284
182 515
705 422
113 600
775 902
706 213
160 603
923 825
757 733
374 398
667 705
277 585
149 733
213 598
692 242
711 545
916 6
508 695
916 633
421 291
689 912
837 340
879 909
427 939
758 496
415 979
588 902
608 593
61 0
976 835
764 135
21 437
