1000
1 0
2 0
3 0
4 3
5 1
6 3
7 4
8 4
9 0
10 8
11 5
12 9
13 3
14 9
15 8
16 14
17 5
18 7
19 9
20 11
21 1
22 4
23 4
24 8
25 13
26 10
27 5
28 13
29 0
30 4
31 21
32 2
33 28
34 32
35 4
36 25
37 18
38 29
39 37
40 26
41 23
42 31
43 20
44 43
45 6
46 1
47 8
48 22
49 28
50 39
51 36
52 28
53 33
54 39
55 50
56 26
57 14
58 38
59 3
60 5
61 19
62 13
63 37
64 59
65 12
66 9
67 9
68 26
69 52
70 65
71 29
72 40
73 12
74 15
75 24
76 13
77 70
78 1
79 56
80 33
81 79
82 10
83 5
84 74
85 31
86 32
87 44
88 58
89 35
90 44
91 30
92 61
93 13
94 56
95 59
96 67
97 17
98 77
99 59
100 25
101 28
102 90
103 93
104 31
105 26
106 28
107 87
108 5
109 89
110 11
111 89
112 11
113 26
114 49
115 83
116 3
117 90
118 47
119 70
120 61
121 68
122 55
123 98
124 51
125 14
126 97
127 114
128 16
129 77
130 13
131 36
132 67
133 88
134 107
135 66
136 35
137 83
138 71
139 62
140 113
141 65
142 85
143 79
144 118
145 24
146 28
147 81
148 33
149 111
150 70
151 6
152 111
153 18
154 97
155 90
156 130
157 17
158 35
159 137
160 22
161 0
162 140
163 48
164 118
165 68
166 144
167 64
168 127
169 9
170 118
171 152
172 16
173 54
174 1
175 36
176 6
177 110
178 53
179 133
180 75
181 59
182 34
183 155
184 147
185 66
186 123
187 7
188 50
189 66
190 98
191 71
192 53
193 3
194 93
195 28
196 172
197 23
198 112
199 8
200 80
201 122
202 139
203 19
204 119
205 123
206 205
207 183
208 193
209 31
210 32
211 55
212 13
213 7
214 87
215 14
216 174
217 206
218 122
219 3
220 92
221 185
222 7
223 63
224 200
225 121
226 157
227 51
228 35
229 195
230 36
231 131
232 58
233 50
234 212
235 10
236 216
237 84
238 194
239 60
240 105
241 17
242 168
243 12
244 180
245 210
246 2
247 35
248 139
249 155
250 79
251 44
252 230
253 247
254 179
255 46
256 25
257 179
258 4
259 248
260 33
261 103
262 117
263 201
264 80
265 25
266 25
267 186
268 201
269 216
270 50
271 264
272 178
273 248
274 75
275 10
276 94
277 96
278 161
279 16
280 151
281 120
282 238
283 58
284 174
285 229
286 154
287 13
288 24
289 188
290 191
291 281
292 17
293 167
294 250
295 7
296 287
297 246
298 141
299 137
300 144
301 240
302 298
303 237
304 129
305 169
306 238
307 241
308 113
309 50
310 31
311 75
312 86
313 283
314 154
315 45
316 183
317 200
318 167
319 62
320 189
321 54
322 224
323 148
324 107
325 234
326 33
327 310
328 163
329 224
330 52
331 0
332 315
333 23
334 189
335 114
336 58
337 172
338 282
339 111
340 236
341 239
342 219
343 186
344 99
345 328
346 159
347 5
348 49
349 247
350 327
351 157
352 103
353 267
354 161
355 212
356 60
357 285
358 243
359 214
360 343
361 301
362 138
363 305
364 89
365 223
366 49
367 325
368 305
369 322
370 64
371 259
372 115
373 348
374 329
375 192
376 172
377 332
378 209
379 271
380 180
381 82
382 153
383 136
384 232
385 222
386 2
387 169
388 162
389 62
390 69
391 8
392 248
393 18
394 315
395 179
396 170
397 323
398 19
399 136
400 153
401 104
402 331
403 7
404 358
405 114
406 98
407 147
408 242
409 153
410 304
411 87
412 64
413 125
414 356
415 155
416 116
417 79
418 254
419 268
420 135
421 32
422 263
423 364
424 417
425 138
426 19
427 353
428 339
429 98
430 6
431 341
432 263
433 174
434 283
435 184
436 77
437 373
438 15
439 19
440 388
441 56
442 96
443 13
444 233
445 161
446 167
447 208
448 128
449 376
450 133
451 241
452 262
453 420
454 244
455 43
456 184
457 43
458 203
459 195
460 26
461 143
462 351
463 182
464 271
465 121
466 313
467 34
468 268
469 176
470 111
471 428
472 36
473 351
474 440
475 432
476 348
477 77
478 327
479 370
480 256
481 367
482 429
483 109
484 319
485 187
486 16
487 396
488 95
489 48
490 393
491 354
492 169
493 260
494 177
495 414
496 356
497 316
498 385
499 348
500 420
501 210
502 413
503 493
504 271
505 443
506 484
507 354
508 424
509 77
510 226
511 407
512 62
513 169
514 242
515 305
516 142
517 343
518 438
519 79
520 26
521 263
522 138
523 52
524 63
525 486
526 141
527 178
528 123
529 457
530 463
531 266
532 156
533 118
534 290
535 256
536 64
537 506
538 534
539 273
540 137
541 508
542 425
543 11
544 43
545 516
546 364
547 153
548 7
549 528
550 302
551 491
552 526
553 94
554 297
555 346
556 124
557 350
558 476
559 424
560 375
561 430
562 398
563 168
564 47
565 272
566 525
567 477
568 404
569 58
570 546
571 61
572 119
573 380
574 239
575 194
576 574
577 257
578 256
579 165
580 443
581 267
582 529
583 140
584 383
585 576
586 271
587 454
588 344
589 69
590 560
591 376
592 509
593 295
594 14
595 289
596 152
597 202
598 318
599 173
600 79
601 386
602 64
603 113
604 390
605 366
606 254
607 476
608 244
609 280
610 236
611 600
612 356
613 540
614 290
615 212
616 49
617 450
618 279
619 604
620 439
621 314
622 92
623 524
624 225
625 405
626 196
627 229
628 596
629 231
630 84
631 592
632 372
633 143
634 231
635 432
636 58
637 258
638 373
639 473
640 546
641 272
642 591
643 624
644 220
645 253
646 263
647 187
648 511
649 396
650 357
651 425
652 21
653 182
654 145
655 162
656 487
657 82
658 239
659 93
660 76
661 82
662 446
663 267
664 208
665 61
666 223
667 362
668 392
669 284
670 662
671 482
672 476
673 539
674 234
675 492
676 454
677 464
678 223
679 436
680 38
681 126
682 586
683 529
684 307
685 342
686 136
687 643
688 562
689 58
690 361
691 480
692 241
693 236
694 16
695 368
696 263
697 365
698 360
699 484
700 502
701 341
702 599
703 216
704 694
705 475
706 524
707 392
708 382
709 401
710 11
711 114
712 161
713 661
714 214
715 183
716 244
717 555
718 594
719 125
720 39
721 22
722 74
723 20
724 53
725 305
726 717
727 202
728 508
729 236
730 446
731 62
732 18
733 523
734 495
735 650
736 419
737 345
738 4
739 390
740 48
741 494
742 28
743 442
744 86
745 481
746 241
747 199
748 200
749 419
750 275
751 737
752 697
753 697
754 401
755 243
756 94
757 377
758 707
759 277
760 428
761 362
762 241
763 381
764 735
765 162
766 703
767 451
768 536
769 21
770 260
771 530
772 473
773 192
774 49
775 3
776 206
777 620
778 736
779 684
780 207
781 75
782 302
783 173
784 189
785 274
786 440
787 384
788 211
789 51
790 31
791 115
792 723
793 36
794 61
795 196
796 93
797 672
798 199
799 529
800 40
801 364
802 303
803 405
804 399
805 782
806 276
807 607
808 600
809 55
810 379
811 166
812 77
813 676
814 200
815 23
816 679
817 147
818 717
819 410
820 376
821 642
822 619
823 94
824 508
825 681
826 263
827 77
828 777
829 493
830 411
831 23
832 680
833 139
834 391
835 346
836 312
837 261
838 616
839 527
840 86
841 226
842 273
843 562
844 754
845 415
846 670
847 14
848 378
849 583
850 718
851 746
852 205
853 512
854 239
855 548
856 380
857 21
858 463
859 37
860 149
861 572
862 493
863 510
864 332
865 505
866 508
867 638
868 59
869 633
870 622
871 578
872 93
873 632
874 37
875 400
876 247
877 724
878 501
879 130
880 827
881 827
882 535
883 266
884 859
885 686
886 196
887 679
888 23
889 257
890 429
891 150
892 671
893 548
894 286
895 22
896 839
897 199
898 503
899 675
900 704
901 60
902 357
903 92
904 720
905 161
906 317
907 698
908 535
909 254
910 393
911 179
912 654
913 335
914 834
915 131
916 624
917 902
918 102
919 302
920 336
921 521
922 419
923 428
924 61
925 242
926 217
927 690
928 110
929 455
930 839
931 811
932 51
933 331
934 164
935 781
936 484
937 38
938 15
939 713
940 641
941 602
942 927
943 498
944 886
945 454
946 713
947 3
948 686
949 347
950 667
951 641
952 516
953 87
954 89
955 950
956 905
957 761
958 122
959 92
960 533
961 937
962 682
963 735
964 944
965 332
966 896
967 278
968 141
969 695
970 152
971 366
972 215
973 511
974 456
975 129
976 313
977 832
978 773
979 724
980 264
981 288
982 132
983 634
984 910
985 217
986 838
987 187
988 218
989 243
990 279
991 795
992 943
993 685
994 673
995 693
996 404
997 844
998 48
999 183
286 279
414 994
125 429
23 319
224 699
824 496
130 629
74 110
332 637
674 427
9 744
815 778
649 533
276 485
45 574
726 724
660 695
875 531
177 219
541 333
810 173
778 765
228 20
601 99
648 760
907 955
588 841
644 1
295 376
381 904
29 772
727 699
979 150
837 371
208 513
734 262
209 224
14 377
79 540
625 268
310 205
371 76
828 717
942 78
524 156
545 190
687 398
770 767
223 73
968 61
439 835
543 775
633 480
776 225
149 352
269 909
539 831
782 225
438 991
363 20
861 744
78 465
911 655
771 398
579 548
744 63
673 5
763 699
80 832
28 553
548 22
881 803
467 67
968 215
365 130
76 951
734 358
966 983
498 403
351 268
515 226
544 443
554 3
599 575
408 661
246 20
495 145
945 297
706 325
396 67
349 444
767 811
938 554
871 530
194 989
402 51
773 648
654 246
102 953
894 389
933 906
170 208
98 373
402 323
635 608
760 31
482 752
143 693
862 841
619 302
149 347
918 881
115 833
412 204
817 883
557 139
396 404
452 311
289 558
696 453
307 840
790 319
488 505
961 728
70 191
936 9
357 216
234 49
241 674
160 305
527 366
590 445
145 14
672 222
304 991
694 356
533 258
963 617
364 645
232 481
717 943
728 901
232 984
511 23
221 262
852 280
341 284
40 469
288 181
250 744
308 118
392 883
54 410
788 239
441 439
352 18
960 957
608 223
561 599
219 8
913 370
893 78
454 370
356 9
4 300
429 603
927 638
267 798
906 403
443 542
346 171
526 305
83 990
268 587
364 449
529 815
785 145
863 719
709 332
681 292
346 800
510 937
343 139
226 954
445 97
597 866
205 812
294 866
209 246
792 637
790 314
214 928
963 624
54 79
552 343
840 666
382 972
634 479
47 305
913 49
570 618
166 23
381 488
874 471
847 872
711 360
721 398
525 583
256 922
382 57
251 765
615 928
475 997
331 977
803 580
501 842
437 215
306 192
407 922
96 750
960 561
167 562
555 209
347 41
247 708
851 323
808 356
721 185
430 703
334 3
815 888
241 934
188 806
756 490
397 382
196 762
282 572
51 573
967 631
907 873
234 130
649 847
628 182
355 545
194 293
279 488
208 753
858 611
753 451
658 353
821 960
961 663
983 214
310 421
921 956
297 387
590 487
667 666
92 833
456 453
597 811
834 517
416 643
531 419
89 673
71 297
993 940
931 818
699 562
422 0
373 996
554 828
391 63
951 911
827 343
997 495
528 630
19 438
725 306
297 981
79 501
966 29
815 558
759 702
731 821
837 576
383 43
897 599
632 183
919 404
837 358
821 157
682 730
542 583
234 331
631 954
512 867
276 163
162 850
512 367
907 570
952 770
164 837
939 376
246 3
521 643
326 656
564 99
157 594
791 195
619 696
633 880
544 21
118 53
647 836
139 641
255 470
291 410
70 511
939 539
236 6
47 601
378 915
831 731
734 603
81 80
452 846
452 122
10 146
606 352
680 904
691 481
930 92
210 612
755 539
326 85
616 293
750 786
206 649
449 507
128 928
858 160
834 457
235 796
747 548
961 335
74 770
188 762
489 449
817 35
798 246
838 321
571 35
250 49
860 872
574 966
985 741
668 648
639 838
986 43
759 591
907 296
186 231
595 337
695 577
228 661
443 332
714 875
268 797
559 612
146 283
931 905
482 280
868 179
857 447
358 690
817 864
544 5
835 65
603 8
633 183
519 204
686 66
435 416
341 190
193 125
995 341
900 783
810 346
807 911
762 865
219 205
542 835
628 243
345 861
417 589
987 575
70 181
948 666
455 698
83 451
492 121
467 652
444 604
899 490
663 526
720 585
820 985
802 43
267 454
784 47
288 171
568 190
660 483
151 130
18 848
41 535
83 331
846 395
423 260
898 378
433 909
823 193
429 448
536 668
784 409
324 140
404 367
549 752
847 844
37 948
839 371
293 543
260 449
489 662
209 124
386 918
625 728
857 327
986 952
605 451
241 354
786 662
994 635
758 144
201 50
641 85
2 833
16 310
441 517
822 193
384 507
27 682
171 717
224 213
765 284
768 155
612 170
373 61
215 747
535 626
247 682
416 485
225 737
608 540
803 16
741 649
104 500
610 17
458 529
683 65
315 154
26 233
792 893
394 681
195 300
118 983
155 773
484 91
834 876
355 354
523 430
646 862
845 870
100 935
25 45
669 754
468 706
308 903
321 345
412 201
830 416
688 263
977 388
466 767
552 290
735 82
162 9
894 395
284 901
11 393
564 743
765 75
499 503
872 499
851 636
895 163
774 138
170 236
102 898
687 662
574 511
72 378
908 532
106 211
553 436
725 442
775 137
788 457
918 966
931 495
586 320
88 66
917 279
72 379
332 914
207 355
857 488
690 948
517 995
597 538
471 95
732 544
654 17
144 430
415 658
809 360
307 835
538 827
767 914
637 752
289 738
452 43
29 537
137 293
730 386
275 580
51 283
86 837
397 914
629 336
74 248
454 338
696 367
866 88
826 768
391 359
448 829
964 792
229 989
913 8
789 405
785 350
673 108
909 30
97 199
430 531
180 707
126 673
447 938
43 271
320 124
25 19
125 758
395 584
110 640
750 483
116 953
738 387
180 501
702 247
108 126
479 825
225 352
380 528
315 230
433 587
405 611
622 945
213 315
676 774
892 248
395 456
82 40
195 712
777 251
117 787
972 26
588 672
461 715
990 812
8 561
473 737
151 584
508 253
210 199
331 695
930 470
782 788
883 527
175 127
124 233
990 552
948 383
459 987
59 255
806 177
674 190
110 700
96 608
445 347
602 926
829 918
213 216
569 683
923 506
474 774
768 148
621 432
400 192
709 718
760 552
746 979
461 712
757 840
764 367
574 127
175 747
557 63
737 434
18 657
943 229
457 609
722 159
69 552
501 899
672 998
535 395
644 765
438 205
889 641
121 80
108 716
391 60
488 678
681 952
179 833
657 445
208 482
430 799
700 939
133 323
135 686
981 940
9 780
991 688
287 996
145 703
649 183
453 364
393 143
410 820
473 280
735 980
953 279
935 663
148 343
62 404
863 370
782 174
405 533
718 453
962 348
0 874
34 316
261 303
412 407
920 597
936 858
452 735
498 523
682 724
427 126
707 514
51 479
902 45
789 897
606 360
206 165
379 802
91 335
180 73
46 802
222 829
740 923
868 922
391 578
275 785
451 309
128 601
39 664
144 303
602 359
707 236
808 732
974 341
863 827
628 558
850 634
897 352
441 838
331 250
523 729
405 907
113 744
617 773
200 297
201 645
459 713
131 211
829 575
812 509
547 18
333 917
269 107
963 993
669 225
690 795
853 974
130 379
146 658
714 886
252 829
651 93
813 404
27 736
283 763
885 153
980 969
538 998
173 985
142 622
599 941
177 388
358 117
320 601
887 148
591 604
814 899
358 101
937 615
373 119
981 222
397 563
531 671
605 609
406 903
357 786
59 328
947 889
989 100
368 191
125 143
349 30
843 314
391 437
931 844
253 122
174 851
546 791
236 288
371 59
819 737
134 912
991 952
860 876
422 264
774 129
127 287
984 360
30 447
580 763
278 863
133 527
740 895
782 512
67 121
703 22
690 242
123 734
222 863
849 227
29 149
173 475
152 41
75 942
356 734
983 865
350 908
619 993
952 757
414 403
196 543
706 438
740 347
62 554
101 958
203 513
270 335
826 109
777 249
453 308
95 375
139 421
161 698
14 564
900 806
411 317
952 843
598 782
782 531
123 647
843 742
941 510
954 40
984 479
139 88
494 492
448 54
513 938
514 183
246 867
194 376
456 818
145 567
382 990
149 404
882 390
784 951
703 426
270 388
542 858
811 417
325 960
774 840
157 880
54 823
694 168
528 277
361 770
738 527
434 102
7 784
927 180
391 136
170 24
875 59
39 326
194 274
354 341
186 71
568 800
166 841
704 791
104 224
439 508
980 890
460 801
129 868
566 7
93 204
288 410
579 339
430 488
876 976
232 832
839 744
464 359
358 257
296 373
799 589
469 175
555 181
10 205
767 59
859 811
140 361
799 413
349 887
880 428
516 159
355 837
914 197
598 281
738 739
763 887
912 641
592 748
499 721
455 109
379 657
801 876
377 681
314 702
915 300
961 5
528 539
903 105
854 253
577 41
149 467
27 383
919 463
707 178
999 653
255 765
172 898
261 548
264 593
293 311
521 493
996 343
459 88
424 894
519 961
715 723
69 516
534 410
545 132
507 682
757 908
255 432
579 707
586 930
149 213
644 758
675 886
598 983
256 577
898 833
642 983
729 516
532 827
119 501
234 490
148 435
967 297
497 812
70 910
189 56
964 992
108 189
846 227
571 857
533 891
514 567
674 522
734 336
287 284
778 626
884 647
257 655
795 745
427 308
801 818
986 106
465 152
783 530
406 400
486 760
596 410
755 90
812 406
407 906
995 491
531 23
157 143
879 786
707 336
312 244
990 736
164 293
783 791
331 327
574 986
740 593
890 162
257 823
187 320
752 431
818 492
942 502
169 60
754 849
300 617
348 896
28 782
456 772
988 194
963 170
258 452
985 615
612 694
272 131
515 418
212 90
529 2
216 205
219 700
294 56
986 553
987 12
716 815
610 644
602 868
107 509
246 339
520 599
28 955
12 520
393 915
856 816
76 882
467 599
911 138
670 10
761 141
649 388
68 959
29 385
671 835
679 774
183 186
286 460
159 765
841 940
48 876
144 260
126 416
405 735
898 274
230 819
357 839
955 100
944 418
190 494
893 129
804 280
65 101
350 139
292 105
445 515
527 859
485 535
297 235
423 81
860 552
602 275
635 680
955 61
169 688
65 19
252 94
463 368
589 791
189 8
800 981
547 283
282 440
668 149
699 934
434 266
554 85
332 511
431 652
905 355
537 418
423 493
93 814
157 47
439 101
817 144
392 475
879 288
117 408
110 764
8 204
904 729
165 461
751 645
850 660
975 369
131 360
939 234
538 811
367 855
136 429
98 158
947 150
955 807
185 217
234 48
605 619
656 533
638 42
672 13
440 825
187 696
393 152
111 353
171 963
243 670
597 547
530 388
966 658
425 272
847 808
847 464
499 866
360 224
119 714
261 57
544 633
292 467
173 169
664 827
330 152
757 984
205 94
666 800
969 567
243 735
741 612
593 223
297 636
561 667
164 448
30 381
92 245
651 920
667 682
9 135
666 528
577 204
245 762
407 557
514 498
708 665
232 723
982 329
504 365
78 905
826 802
5 845
767 711
36 504
678 335
863 368
22 937
92 574
423 818
606 385
845 381
913 650
58 719
97 82
462 119
716 287
333 594
144 30
6 573
178 386
380 883
236 418
883 895
514 33
128 315
530 239
45 654
485 573
400 549
422 686
7 552
582 960
970 621
506 978
188 810
906 912
639 307
142 633
940 972
999 98
452 297
791 411
774 593
566 486
917 104
946 353
925 59
106 113
283 55
175 838
902 370
831 174
997 955
616 233
957 934
542 564
215 15
833 793
821 504
910 667
367 206
735 951
807 237
274 22
964 115
339 319
471 186
967 241
200 471
475 688
844 707
925 163
532 645
293 9
929 773
673 225
627 444
750 600
978 729
707 895
58 927
795 709
596 68
741 219
452 228
570 158
764 901
626 983
229 98
739 471
804 491
631 414
497 932
288 602
232 649
435 285
713 435
919 511
482 956
472 82
591 175
916 917
283 3
681 584
998 54
737 870
531 918
124 337
589 539
225 855
77 736
568 409
971 720
798 181
574 813
237 521
841 603
335 440
645 132
504 242
765 348
886 291
858 557
566 597
835 789
571 297
488 938
197 681
731 120
500 449
804 666
512 188
216 356
343 67
229 777
217 608
653 296
844 625
932 465
551 320
119 886
109 38
547 517
56 431
407 753
14 97
568 447
5 319
135 423
463 291
736 361
506 983
938 582
367 356
894 1
92 628
646 130
96 969
915 394
451 577
882 6
376 905
821 154
799 166
578 286
859 858
562 558
157 476
312 875
35 672
755 503
9 822
194 237
794 519
692 919
179 785
529 914
460 379
96 500
628 20
541 726
840 575
134 580
791 816
731 601
277 970
536 911
954 961
425 852
655 770
505 416
108 227
478 555
96 69
724 731
630 518
468 147
849 843
273 824
876 898
352 341
905 725
153 446
243 499
886 201
617 424
647 144
202 173
655 427
840 818
150 443
131 888
412 74
459 555
495 877
688 373
105 83
1 350
490 103
968 206
253 1
207 69
433 644
401 457
782 856
719 791
282 447
125 886
40 453
905 908
707 136
447 788
828 335
268 431
422 975
917 447
330 505
954 755
372 599
701 868
785 565
993 551
748 60
265 859
259 73
623 378
962 429
861 676
156 269
67 406
954 274
773 378
42 795
976 72
332 622
682 154
403 790
827 502
79 317
204 20
747 379
442 567
416 415
86 65
29 314
820 742
417 939
534 210
15 228
357 927
588 959
33 806
440 88
151 375
360 621
332 749
605 457
360 882
797 166
780 16
619 740
264 303
795 701
863 9
444 828
362 966
614 790
61 643
413 706
314 950
362 618
96 884
156 691
391 356
624 616
11 412
426 770
867 521
551 981
221 188
65 468
688 687
286 621
557 320
357 318
306 252
189 958
636 5
268 265
889 822
449 60
360 835
448 726
781 877
279 687
613 171
433 618
602 908
742 574
155 809
724 491
924 8
823 471
869 338
169 328
337 774
726 171
565 999
838 92
259 856
527 543
131 400
431 514
213 537
523 837
117 466
647 418
827 444
299 895
510 353
310 659
844 440
249 732
608 182
234 742
817 326
84 296
51 369
351 369
525 529
210 552
302 167
81 785
796 12
788 827
51 701
599 206
22 551
647 138
452 306
568 610
514 842
8 943
802 585
846 146
637 848
797 849
594 932
335 267
963 605
344 678
408 17
704 837
898 656
332 608
670 728
458 131
883 769
183 769
866 675
976 689
338 235
801 646
77 13
492 396
363 571
761 958
769 731
942 21
541 206
220 299
672 917
79 798
568 871
199 615
449 101
991 706
520 718
930 48
716 470
573 888
57 41
884 397
946 78
69 145
530 430
211 775
600 12
464 549
261 14
635 88
722 185
457 50
690 820
539 462
82 267
940 36
457 411
382 104
504 589
416 933
327 556
29 831
984 224
483 30
756 349
327 814
833 685
346 260
125 682
362 603
994 208
152 395
742 431
313 323
573 454
635 206
189 2
582 345
830 991
548 812
604 590
206 695
795 508
229 996
245 355
554 970
506 521
234 946
669 734
818 162
151 276
915 862
995 575
681 527
653 35
206 300
871 485
542 621
482 210
854 494
797 67
886 824
37 858
632 251
874 694
413 872
729 467
83 140
955 325
228 134
881 466
197 305
98 279
921 476
516 923
298 799
98 480
92 25
376 831
414 92
624 419
125 154
407 406
71 513
882 472
457 281
735 855
262 135
481 168
340 906
251 186
964 538
896 387
758 264
309 965
791 689
196 8
464 716
398 51
748 691
59 237
949 662
353 166
652 466
239 755
163 305
709 213
513 547
290 475
673 275
586 830
423 508
274 258
169 98
304 69
445 901
956 80
405 791
109 18
395 727
457 924
355 454
205 759
820 855
53 865
370 668
153 63
515 851
805 733
387 863
91 552
927 859
190 612
235 305
758 689
320 265
459 696
990 205
271 540
89 921
989 724
227 864
968 397
750 481
642 931
748 240
826 480
813 497
344 454
460 216
184 502
126 676
64 683
704 810
928 384
773 125
173 654
369 835
546 274
284 11
854 298
224 593
851 852
132 817
772 768
687 13
162 509
733 416
815 8
242 391
755 807
234 851
360 104
267 299
866 603
297 767
806 158
508 367
422 583
607 33
719 404
751 178
63 998
70 500
150 164
59 885
400 316
568 888
211 100
592 341
500 191
50 467
720 643
519 862
874 191
484 924
944 705
116 313
282 605
30 226
201 402
438 798
47 607
242 121
728 763
563 42
396 842
566 244
921 467
638 506
161 566
792 827
437 83
923 446
534 750
250 255
563 86
431 774
836 797
837 377
866 673
986 528
824 921
903 982
610 164
422 455
673 890
591 53
761 22
511 701
191 587
149 54
361 60
514 297
924 616
621 748
780 210
480 569
732 766
834 524
386 448
386 409
934 214
236 987
775 854
755 74
74 746
380 92
480 583
299 76
674 470
717 183
132 993
505 595
835 335
11 266
524 659
813 428
211 743
732 460
636 134
837 57
466 398
939 988
482 916
423 969
651 506
554 422
596 116
785 400
673 736
637 829
996 523
357 557
764 96
147 874
213 907
713 542
716 476
974 347
228 951
784 765
474 472
303 788
817 189
884 574
739 171
173 409
189 698
310 670
54 269
820 945
796 273
257 757
947 447
664 252
290 12
188 388
883 293
897 382
863 536
774 103
868 710
782 153
429 117
370 204
236 282
524 806
990 491
819 466
819 883
982 868
304 70
574 474
75 484
908 199
938 963
428 161
945 940
981 682
254 872
494 627
915 172
119 820
119 983
553 977
513 716
691 39
714 355
650 676
373 585
428 579
190 144
993 607
333 858
270 463
966 663
423 680
478 670
865 600
531 863
241 118
184 455
764 360
732 669
412 812
342 137
516 936
71 524
177 725
156 51
316 853
463 669
696 61
449 172
524 198
478 600
406 134
404 790
741 11
817 640
121 327
881 967
465 879
201 667
440 494
419 243
181 527
54 519
701 536
425 858
71 849
356 222
620 971
538 0
913 525
615 850
515 834
650 967
166 559
376 353
282 816
917 302
274 226
911 793
154 187
617 285
348 78
408 516
999 122
934 846
694 202
984 477
432 847
998 589
0 986
431 705
931 494
695 257
882 353
846 863
19 499
277 592
816 872
144 80
828 688
403 686
453 997
322 183
419 836
401 942
475 700
716 953
296 60
236 70
247 73
567 565
453 309
306 775
423 107
566 596
653 935
573 499
365 339
383 394
232 291
701 325
795 522
841 403
611 358
200 780
685 782
534 430
946 563
52 519
36 988
415 837
176 252
