1000
1 0
2 0
3 2
4 3
5 3
6 5
7 0
8 1
9 8
10 4
11 6
12 8
13 2
14 10
15 4
16 6
17 1
18 8
19 4
20 3
21 5
22 2
23 16
24 23
25 12
26 1
27 22
28 8
29 10
30 27
31 1
32 27
33 20
34 18
35 19
36 35
37 10
38 29
39 10
40 21
41 13
42 10
43 38
44 0
45 42
46 37
47 0
48 35
49 4
50 43
51 12
52 42
53 25
54 46
55 38
56 38
57 52
58 44
59 27
60 14
61 1
62 10
63 53
64 7
65 58
66 61
67 61
68 7
69 6
70 3
71 1
72 58
73 7
74 30
75 20
76 40
77 2
78 54
79 12
80 64
81 37
82 14
83 10
84 31
85 79
86 40
87 11
88 46
89 65
90 37
91 75
92 38
93 78
94 75
95 7
96 87
97 52
98 59
99 61
100 53
101 8
102 78
103 24
104 49
105 13
106 77
107 4
108 5
109 66
110 61
111 54
112 28
113 106
114 4
115 16
116 53
117 65
118 19
119 56
120 50
121 47
122 120
123 3
124 104
125 5
126 15
127 29
128 24
129 27
130 5
131 75
132 76
133 111
134 14
135 109
136 71
137 113
138 44
139 16
140 30
141 67
142 88
143 107
144 28
145 133
146 72
147 26
148 9
149 111
150 57
151 2
152 126
153 44
154 48
155 7
156 70
157 32
158 142
159 156
160 35
161 114
162 62
163 14
164 146
165 139
166 140
167 28
168 31
169 127
170 7
171 32
172 29
173 8
174 158
175 13
176 146
177 21
178 121
179 0
180 118
181 21
182 136
183 47
184 159
185 68
186 108
187 33
188 174
189 106
190 189
191 153
192 48
193 112
194 40
195 43
196 80
197 139
198 24
199 147
200 53
201 81
202 3
203 31
204 68
205 112
206 179
207 70
208 20
209 170
210 110
211 5
212 177
213 52
214 16
215 48
216 39
217 195
218 43
219 127
220 4
221 43
222 62
223 152
224 83
225 73
226 68
227 218
228 197
229 41
230 22
231 13
232 157
233 103
234 21
235 101
236 175
237 104
238 165
239 234
240 212
241 93
242 40
243 7
244 82
245 126
246 59
247 119
248 164
249 215
250 128
251 46
252 66
253 38
254 99
255 252
256 74
257 73
258 123
259 101
260 250
261 239
262 41
263 85
264 251
265 13
266 70
267 121
268 123
269 268
270 126
271 52
272 200
273 178
274 167
275 149
276 77
277 215
278 96
279 168
280 41
281 238
282 77
283 180
284 278
285 264
286 208
287 22
288 8
289 198
290 251
291 214
292 191
293 166
294 173
295 277
296 211
297 251
298 207
299 240
300 244
301 100
302 78
303 229
304 3
305 296
306 154
307 269
308 5
309 147
310 137
311 127
312 50
313 242
314 273
315 148
316 48
317 164
318 4
319 278
320 130
321 6
322 13
323 44
324 192
325 129
326 133
327 287
328 298
329 248
330 87
331 70
332 69
333 213
334 262
335 305
336 282
337 144
338 316
339 333
340 299
341 299
342 37
343 261
344 171
345 226
346 283
347 259
348 190
349 104
350 153
351 228
352 33
353 247
354 311
355 332
356 288
357 282
358 160
359 194
360 115
361 199
362 308
363 346
364 224
365 99
366 288
367 266
368 127
369 29
370 122
371 227
372 206
373 352
374 321
375 186
376 200
377 234
378 111
379 249
380 22
381 77
382 234
383 233
384 314
385 318
386 252
387 31
388 108
389 309
390 281
391 381
392 250
393 216
394 307
395 235
396 298
397 247
398 2
399 234
400 120
401 252
402 341
403 24
404 163
405 298
406 38
407 336
408 198
409 190
410 158
411 304
412 148
413 165
414 213
415 298
416 319
417 253
418 136
419 23
420 47
421 160
422 221
423 273
424 163
425 98
426 143
427 268
428 250
429 242
430 300
431 262
432 119
433 9
434 289
435 216
436 62
437 1
438 327
439 99
440 119
441 68
442 10
443 105
444 410
445 361
446 380
447 301
448 38
449 185
450 201
451 147
452 238
453 86
454 12
455 447
456 82
457 240
458 238
459 342
460 234
461 408
462 436
463 460
464 434
465 382
466 221
467 77
468 302
469 150
470 78
471 169
472 257
473 14
474 20
475 47
476 437
477 198
478 268
479 173
480 322
481 135
482 157
483 275
484 33
485 156
486 119
487 122
488 395
489 372
490 374
491 46
492 299
493 40
494 335
495 142
496 92
497 258
498 332
499 285
500 488
501 153
502 350
503 329
504 167
505 269
506 106
507 470
508 168
509 202
510 1
511 434
512 403
513 30
514 119
515 359
516 211
517 323
518 270
519 55
520 387
521 496
522 480
523 329
524 80
525 408
526 5
527 38
528 89
529 167
530 399
531 176
532 132
533 224
534 37
535 262
536 77
537 312
538 448
539 181
540 481
541 411
542 503
543 466
544 105
545 86
546 221
547 352
548 157
549 41
550 493
551 55
552 28
553 38
554 514
555 101
556 530
557 459
558 106
559 286
560 126
561 133
562 461
563 5
564 253
565 1
566 535
567 158
568 399
569 108
570 289
571 87
572 433
573 328
574 192
575 543
576 285
577 175
578 248
579 7
580 423
581 326
582 398
583 230
584 564
585 52
586 403
587 175
588 97
589 40
590 406
591 497
592 493
593 50
594 54
595 556
596 32
597 138
598 469
599 545
600 393
601 454
602 445
603 544
604 520
605 213
606 270
607 52
608 437
609 319
610 93
611 181
612 604
613 529
614 266
615 231
616 118
617 465
618 402
619 249
620 156
621 64
622 181
623 539
624 156
625 568
626 467
627 55
628 105
629 117
630 594
631 230
632 424
633 259
634 133
635 211
636 29
637 614
638 625
639 110
640 615
641 376
642 97
643 201
644 137
645 188
646 99
647 6
648 582
649 261
650 422
651 634
652 96
653 108
654 273
655 560
656 253
657 287
658 344
659 273
660 431
661 84
662 30
663 309
664 143
665 496
666 35
667 194
668 177
669 664
670 67
671 554
672 486
673 622
674 588
675 424
676 430
677 364
678 426
679 106
680 544
681 374
682 9
683 84
684 197
685 601
686 348
687 226
688 54
689 335
690 27
691 408
692 319
693 457
694 38
695 224
696 169
697 418
698 626
699 22
700 339
701 577
702 399
703 464
704 422
705 355
706 605
707 476
708 350
709 675
710 428
711 172
712 649
713 625
714 196
715 312
716 42
717 684
718 627
719 576
720 618
721 442
722 160
723 653
724 169
725 667
726 422
727 344
728 404
729 113
730 569
731 401
732 205
733 52
734 183
735 562
736 91
737 656
738 217
739 693
740 474
741 673
742 442
743 688
744 339
745 118
746 219
747 675
748 712
749 648
750 316
751 537
752 126
753 563
754 721
755 3
756 596
757 250
758 683
759 173
760 252
761 92
762 34
763 570
764 472
765 213
766 721
767 193
768 57
769 167
770 157
771 187
772 282
773 55
774 407
775 332
776 148
777 671
778 718
779 274
780 19
781 523
782 651
783 286
784 164
785 510
786 39
787 479
788 769
789 337
790 117
791 764
792 203
793 256
794 640
795 505
796 579
797 579
798 523
799 682
800 789
801 6
802 416
803 437
804 385
805 448
806 607
807 778
808 519
809 489
810 133
811 217
812 710
813 460
814 13
815 344
816 338
817 631
818 452
819 634
820 520
821 789
822 59
823 737
824 134
825 112
826 762
827 167
828 424
829 813
830 527
831 722
832 1
833 63
834 599
835 584
836 340
837 714
838 43
839 52
840 416
841 807
842 627
843 325
844 634
845 514
846 676
847 26
848 666
849 230
850 67
851 709
852 812
853 83
854 154
855 186
856 546
857 459
858 711
859 326
860 848
861 448
862 782
863 756
864 595
865 405
866 488
867 462
868 782
869 570
870 129
871 371
872 411
873 351
874 12
875 252
876 391
877 533
878 840
879 561
880 34
881 254
882 493
883 245
884 730
885 853
886 624
887 443
888 746
889 354
890 148
891 536
892 430
893 537
894 690
895 182
896 350
897 567
898 330
899 896
900 809
901 201
902 389
903 549
904 741
905 741
906 876
907 119
908 416
909 290
910 601
911 551
912 621
913 433
914 300
915 227
916 397
917 768
918 519
919 128
920 330
921 179
922 123
923 582
924 895
925 142
926 193
927 642
928 790
929 14
930 809
931 119
932 523
933 281
934 35
935 44
936 512
937 448
938 176
939 664
940 462
941 17
942 119
943 79
944 927
945 664
946 161
947 342
948 387
949 561
950 764
951 378
952 670
953 781
954 687
955 836
956 51
957 425
958 7
959 551
960 495
961 788
962 429
963 36
964 876
965 330
966 768
967 861
968 106
969 138
970 743
971 228
972 733
973 947
974 720
975 756
976 445
977 377
978 867
979 464
980 834
981 776
982 561
983 905
984 82
985 961
986 126
987 92
988 442
989 895
990 920
991 781
992 286
993 460
994 946
995 98
996 1
997 656
998 582
999 972
582 848
305 435
948 426
538 376
105 845
383 2
234 931
878 503
3 654
188 401
519 343
455 479
941 187
609 724
890 40
377 81
512 885
320 574
464 471
916 331
513 287
916 213
148 521
569 893
75 712
933 474
142 789
76 78
794 527
163 182
289 427
332 893
664 646
960 135
776 345
200 422
17 16
424 900
818 174
72 391
603 435
613 785
995 771
640 449
143 722
63 415
576 708
606 196
768 633
770 111
328 477
962 412
593 630
178 976
221 70
5 848
897 761
470 846
546 40
219 53
416 211
583 340
147 870
306 430
921 354
376 147
562 172
787 383
904 699
941 824
742 771
838 485
435 790
957 505
851 402
527 311
763 70
138 16
495 334
749 64
537 438
254 838
944 106
479 714
683 220
934 617
792 463
511 323
294 728
560 326
515 493
121 507
155 270
461 270
46 479
42 180
724 343
513 621
151 899
554 40
853 180
264 334
601 599
164 118
733 515
41 936
854 509
771 437
564 127
733 847
181 687
317 707
301 819
715 515
121 559
875 255
736 915
371 711
146 707
629 209
485 123
408 189
611 978
699 357
251 995
303 264
970 549
824 998
366 21
752 693
215 274
984 921
586 566
100 251
235 636
97 136
839 596
405 338
996 468
675 405
525 993
570 263
221 331
530 826
847 142
426 366
344 604
688 271
474 776
54 278
581 670
117 651
940 991
801 944
250 704
209 497
223 905
697 848
18 115
102 869
405 483
213 346
432 643
232 596
755 336
206 933
91 694
406 375
24 599
272 595
553 154
96 512
244 696
759 15
502 850
824 570
635 343
772 53
563 362
75 916
713 111
32 940
833 134
287 991
734 216
21 735
61 375
860 379
681 50
10 215
532 549
277 677
174 983
269 922
237 117
694 36
18 876
96 359
596 324
109 103
491 783
710 159
282 113
746 192
58 298
876 981
408 430
936 451
34 326
834 150
963 272
340 191
136 89
522 18
398 194
10 715
242 848
85 520
165 741
821 202
330 701
371 493
638 867
870 55
330 177
705 597
63 598
825 929
440 186
489 136
37 206
237 232
985 638
440 254
369 192
130 277
542 310
473 843
538 750
762 325
300 660
924 955
935 853
266 766
637 828
675 334
299 202
392 912
18 198
713 573
322 628
900 790
370 538
739 114
696 941
32 314
593 42
832 372
758 832
146 539
580 243
11 480
678 908
111 498
801 427
885 936
572 695
911 367
249 956
661 344
325 731
933 969
920 671
585 171
304 603
102 643
825 530
684 682
753 702
158 455
475 538
496 773
683 723
752 671
984 745
771 591
899 571
981 774
315 592
180 789
850 514
265 634
327 173
164 895
129 982
235 581
348 822
622 846
259 518
402 551
827 132
89 116
968 579
122 453
110 329
674 862
350 969
975 349
891 49
517 252
984 447
431 279
976 132
979 111
273 874
650 661
853 370
370 90
431 414
707 651
719 349
330 826
498 556
165 623
401 698
52 949
715 732
176 249
506 911
259 870
464 605
667 908
459 814
292 175
932 767
849 899
984 456
127 964
153 72
350 180
804 91
845 982
119 211
289 336
687 52
817 165
155 537
457 712
985 541
434 685
595 636
530 209
534 232
549 674
415 839
999 64
121 721
292 75
143 191
175 414
474 303
595 17
736 612
425 757
626 546
959 513
1 848
441 81
812 382
863 470
496 502
859 408
188 15
661 343
183 876
717 458
489 443
276 366
91 361
335 784
235 58
632 102
560 375
395 120
703 440
499 972
104 945
607 631
204 687
819 893
719 453
661 364
679 848
678 483
389 636
720 321
346 66
246 308
187 545
427 794
435 466
275 628
749 513
690 557
620 679
111 768
346 669
253 511
801 59
934 104
593 758
668 786
871 559
606 453
486 904
251 935
580 602
606 923
724 683
566 461
843 995
560 848
161 733
891 96
495 634
80 883
695 424
516 833
420 946
372 101
63 498
956 748
754 330
340 755
725 103
799 349
948 470
273 217
817 337
388 506
867 594
7 344
706 536
364 955
301 279
636 16
402 2
818 197
882 500
208 774
31 571
50 898
722 998
333 79
877 53
931 841
194 263
815 410
302 793
23 652
158 66
746 490
652 748
48 757
566 108
720 361
923 379
978 575
138 677
898 830
458 662
941 291
904 804
428 975
800 136
138 199
659 94
363 183
952 92
51 712
338 272
664 865
943 281
861 713
721 176
379 66
354 407
822 97
608 519
506 154
715 808
695 953
866 403
163 15
486 675
940 130
242 440
742 227
604 371
97 754
949 815
116 597
210 905
672 682
606 687
547 501
879 269
696 605
939 450
152 696
855 729
863 783
483 596
373 797
790 578
631 257
946 521
473 594
524 343
955 866
706 322
149 899
553 136
616 606
377 288
59 155
479 503
39 859
775 753
333 194
423 655
256 732
960 156
368 150
76 323
452 991
669 879
794 245
45 842
611 817
193 557
69 809
679 58
572 455
49 141
710 262
77 729
121 300
234 398
476 675
929 848
223 378
725 996
647 537
577 379
258 402
365 537
267 858
373 87
659 630
222 660
861 395
556 370
803 694
541 869
962 378
356 487
108 166
628 191
473 310
587 421
916 179
894 103
923 575
49 338
506 50
189 68
810 840
449 356
692 140
719 405
67 402
232 498
515 617
917 380
361 359
363 247
713 791
122 299
94 558
306 397
402 956
411 525
650 461
919 235
716 967
710 307
376 958
102 879
8 346
325 20
630 122
757 780
600 34
282 138
154 56
467 189
233 245
794 131
991 638
586 711
328 618
924 982
888 430
782 531
910 828
89 290
33 427
133 873
118 367
427 218
675 337
198 117
235 49
431 34
591 775
564 397
885 602
117 178
935 280
546 832
714 659
716 730
121 565
543 608
22 570
648 164
429 988
937 200
725 684
478 629
604 628
739 111
398 138
100 708
321 294
672 275
143 564
731 105
873 813
263 598
21 456
966 398
780 606
247 12
227 979
850 985
939 800
754 418
735 214
102 208
642 701
995 560
218 330
826 211
325 711
985 176
366 892
681 812
44 475
44 868
216 201
56 361
376 856
909 707
829 386
391 489
613 153
191 619
126 705
132 491
648 630
938 728
366 722
125 378
825 567
436 548
880 154
188 42
183 504
320 644
715 275
138 211
752 677
529 81
391 446
975 133
456 160
773 763
343 998
637 970
78 293
91 15
903 635
770 728
556 284
335 826
102 580
548 667
46 38
467 940
906 579
148 102
23 663
677 806
224 53
294 827
857 354
870 35
154 591
453 310
499 920
806 42
545 129
408 773
458 993
787 41
258 918
498 338
91 176
960 91
450 938
563 215
612 266
24 787
157 346
289 784
768 343
674 246
560 463
76 708
313 672
27 173
572 563
851 260
766 310
746 208
756 57
249 90
52 465
917 195
3 528
372 787
127 806
814 284
808 561
418 157
848 735
993 842
291 892
547 609
117 551
309 535
151 815
772 561
798 499
425 791
920 822
344 506
907 593
326 135
284 275
710 803
9 948
624 334
532 943
496 588
220 909
62 166
953 398
791 392
828 147
376 699
57 551
114 738
418 708
310 794
105 569
269 299
833 1
877 371
969 119
820 826
783 621
938 200
605 580
351 722
547 222
798 507
385 311
13 855
822 698
322 795
706 392
443 376
532 691
378 359
353 568
107 566
690 203
604 240
776 117
240 955
343 704
911 795
876 323
342 972
572 736
558 597
707 947
508 543
582 286
37 4
549 247
531 213
64 899
544 548
141 755
645 384
835 853
336 367
927 718
121 622
440 259
535 379
417 302
939 571
802 21
424 856
163 127
158 402
495 136
378 815
665 84
547 925
197 656
340 83
277 532
409 384
918 620
496 595
239 286
869 753
862 718
169 350
95 668
80 426
297 319
470 356
695 747
998 237
808 662
543 339
659 945
355 670
514 962
148 272
18 126
510 173
237 467
771 121
260 859
439 649
476 500
649 393
963 205
26 13
167 627
181 907
404 802
699 766
824 143
241 542
805 786
297 930
298 977
18 831
70 335
149 218
18 403
453 817
810 805
58 480
608 715
362 720
428 970
596 961
980 536
227 160
636 526
875 732
43 508
235 11
442 772
806 953
113 904
847 343
930 299
261 922
178 12
768 869
827 766
746 777
948 492
196 31
575 144
354 295
128 664
547 486
424 699
419 862
869 962
606 47
696 617
978 4
547 768
43 206
878 838
121 301
952 592
962 202
316 679
767 188
685 530
933 852
725 890
216 67
276 50
957 703
743 291
677 108
906 261
570 280
779 355
135 7
901 621
408 981
5 312
859 506
381 883
337 591
363 696
597 647
661 411
192 200
899 414
231 505
784 450
482 126
182 923
161 878
302 275
380 237
865 126
159 766
62 141
281 640
953 788
480 450
748 262
115 609
956 40
260 5
946 243
943 884
716 707
67 318
376 828
228 296
492 789
778 956
781 356
265 493
314 681
206 800
389 39
275 93
966 877
776 286
747 482
230 983
585 571
173 150
505 63
778 936
365 375
941 317
221 47
484 300
786 205
772 315
340 457
172 856
655 350
31 485
195 698
180 922
855 817
932 701
914 888
927 340
797 733
67 979
680 772
882 529
527 581
694 405
369 689
948 822
678 714
699 584
882 202
31 898
57 852
430 684
721 599
423 869
855 745
562 43
231 576
415 124
251 196
47 1
431 248
297 555
903 583
770 77
118 995
860 569
420 992
890 486
611 679
869 735
630 359
766 31
637 607
625 905
74 750
50 284
330 402
790 771
560 575
288 658
428 896
279 772
723 377
337 810
387 389
543 758
525 483
932 757
248 59
690 827
558 543
867 817
309 308
185 273
380 856
130 18
159 293
60 959
66 35
937 81
678 909
703 341
858 745
87 344
642 99
663 463
492 355
558 52
109 954
948 450
151 332
76 745
525 544
39 557
949 755
605 25
200 369
26 577
233 237
819 693
639 417
156 585
89 358
120 897
125 327
228 794
845 513
712 460
967 386
219 307
856 67
698 109
740 488
740 654
220 812
301 95
364 737
717 341
48 629
101 725
554 208
141 117
75 178
733 718
92 49
998 957
503 872
651 441
983 212
586 208
817 304
825 642
317 144
662 534
397 858
64 35
528 536
739 270
235 130
524 323
270 313
882 175
183 806
29 602
645 25
126 218
498 198
690 82
389 985
187 961
604 498
333 431
771 404
242 139
867 175
451 295
50 893
332 61
882 378
59 163
985 916
292 737
517 498
196 820
706 137
992 330
113 922
713 790
62 919
118 262
942 172
374 359
299 210
41 690
558 382
113 960
800 57
762 681
629 704
691 882
349 84
73 109
336 604
7 386
926 286
907 196
536 965
319 326
502 419
387 852
902 480
308 349
382 91
435 46
470 461
20 347
565 765
942 621
571 330
958 628
61 448
429 853
525 296
495 53
687 573
894 418
119 47
958 486
691 188
772 827
435 656
844 296
878 264
838 986
442 487
491 862
823 40
218 602
553 274
890 811
505 913
147 769
527 473
101 551
285 526
356 943
35 343
487 811
690 992
747 717
607 775
897 663
903 678
281 679
209 431
50 498
573 534
399 370
231 32
319 698
543 609
536 78
360 587
457 943
242 442
595 332
967 701
580 244
223 759
744 624
345 83
51 94
718 710
848 31
987 670
559 890
371 305
902 530
174 584
247 18
915 138
370 953
917 453
143 113
597 263
402 129
459 186
843 986
642 126
160 846
128 305
250 876
390 114
985 696
866 699
797 824
839 300
90 138
678 947
6 697
715 769
883 766
678 81
500 450
812 410
157 298
681 356
955 251
420 735
525 509
504 774
774 676
763 11
184 729
652 476
15 656
934 907
183 667
795 291
458 755
263 558
162 302
843 204
808 180
81 221
630 683
875 880
743 75
827 964
985 372
886 963
804 299
562 903
434 908
888 908
715 289
592 749
739 832
993 755
74 314
513 88
657 472
111 322
972 464
162 731
448 870
30 116
498 38
51 418
585 901
233 105
297 831
132 181
565 706
63 639
280 594
208 900
856 151
537 226
904 768
110 555
697 922
168 892
700 708
637 928
534 562
9 173
240 385
965 272
98 748
220 896
850 573
393 251
100 491
624 679
370 730
32 582
672 206
703 930
771 164
719 119
148 324
710 565
144 370
784 243
165 108
939 38
619 390
607 122
972 777
744 536
785 786
521 381
987 198
215 107
579 459
39 992
319 738
101 180
137 129
450 145
165 869
489 867
22 204
518 694
254 0
931 199
993 216
593 587
148 449
487 691
288 257
458 385
757 836
697 388
308 839
188 559
989 794
57 929
617 531
522 765
565 149
862 105
460 120
674 611
104 561
668 440
981 954
244 230
290 797
720 689
221 34
434 675
225 983
824 228
14 295
919 890
318 595
645 833
703 29
130 603
842 532
498 763
679 890
306 84
451 545
812 534
143 99
168 0
102 697
833 169
835 59
394 608
468 743
299 396
527 493
540 414
839 726
340 835
259 796
798 21
427 797
921 680
856 993
379 610
551 811
761 444
594 205
325 653
483 283
485 278
678 114
980 768
554 617
911 785
123 693
14 190
511 755
677 963
178 543
901 213
345 617
532 888
72 407
294 652
720 493
991 474
121 185
590 621
599 923
415 364
68 761
245 307
90 985
913 57
339 88
644 149
351 368
422 746
785 950
416 577
87 376
284 765
244 717
902 777
659 735
655 926
474 196
279 161
617 171
476 961
117 489
595 726
270 755
938 901
585 933
743 816
634 665
545 226
402 532
105 232
673 378
556 939
409 690
760 410
695 811
224 213
773 566
270 140
376 430
372 349
548 130
272 749
623 795
41 902
89 984
250 886
478 639
730 824
469 6
348 156
976 399
538 489
160 274
834 619
916 869
370 272
806 87
717 60
682 610
521 196
100 566
916 927
821 482
380 304
345 69
280 929
825 587
806 586
320 315
9 967
683 685
390 471
962 713
660 329
326 634
245 665
142 274
173 231
610 431
143 744
315 203
134 215
365 481
55 12
50 587
480 572
316 409
613 361
454 867
695 824
815 256
89 920
557 551
713 194
2 955
262 348
453 179
948 152
256 175
738 490
522 727
916 110
768 133
258 127
436 139
364 333
946 407
992 838
251 931
266 60
480 944
758 639
829 531
589 658
135 568
842 312
515 435
720 825
853 789
346 800
378 923
382 620
66 635
127 750
861 856
141 554
849 548
523 270
717 853
125 431
134 368
268 547
843 234
152 98
558 62
1 326
418 280
593 441
916 728
889 941
831 779
111 358
496 731
465 884
202 78
401 325
783 628
124 151
197 138
728 939
888 699
362 365
545 262
338 184
451 435
300 366
365 495
51 269
49 792
523 125
337 146
11 414
928 807
638 639
300 813
157 481
670 809
450 338
427 961
835 957
251 327
297 494
483 826
877 419
417 487
142 111
852 292
841 264
317 245
285 608
910 935
425 632
293 906
469 888
60 452
226 356
745 464
799 609
229 702
417 637
459 756
909 819
560 626
533 598
89 234
294 517
229 286
978 133
520 780
358 364
240 501
90 385
480 259
56 826
759 64
99 949
44 403
302 120
472 78
285 683
408 203
364 563
638 509
139 74
955 34
770 490
979 694
215 705
101 675
481 981
933 884
55 280
607 681
594 711
610 757
684 789
175 427
892 277
205 951
456 932
515 281
549 981
153 115
197 974
131 444
661 751
602 462
562 51
761 417
288 943
361 746
943 927
345 462
986 864
790 945
829 192
83 603
210 129
797 138
696 229
814 507
489 956
532 961
79 616
981 568
234 898
48 827
696 21
979 89
633 799
173 166
486 592
584 950
334 740
933 525
301 410
539 114
353 263
589 290
737 909
991 144
37 468
293 234
492 195
192 159
790 631
310 196
871 82
533 518
325 199
91 305
974 514
653 327
216 189
346 557
374 212
412 623
564 938
578 100
496 949
132 604
789 44
541 397
437 872
246 877
10 976
909 474
1 543
171 385
304 534
954 547
623 841
804 143
317 525
935 694
972 164
722 657
701 518
755 904
344 689
202 363
885 356
753 847
914 305
342 815
745 216
647 540
428 440
465 608
120 216
5 292
515 52
272 610
892 979
125 524
614 861
392 643
504 682
178 196
644 798
980 629
994 97
640 330
399 313
160 43
870 186
414 911
691 420
964 400
799 466
893 702
762 917
818 498
240 956
108 728
787 84
7 363
368 105
518 802
473 213
849 928
526 596
224 137
873 267
851 633
109 389
936 647
730 588
95 782
839 825
845 75
532 843
771 682
188 363
371 380
379 152
199 660
410 958
846 719
748 74
907 289
267 480
547 204
4 805
931 83
980 953
252 996
518 828
284 340
586 721
362 445
667 695
150 562
108 660
210 676
64 741
969 109
550 457
235 9
877 620
722 332
66 454
644 886
723 267
149 531
654 134
240 48
579 478
338 504
930 251
467 204
859 337
201 825
617 435
995 802
945 859
7 22
965 894
137 117
271 973
585 549
516 413
216 41
7 888
422 992
167 717
482 755
767 554
119 936
919 498
160 516
628 553
416 102
569 396
928 694
239 373
414 124
961 364
950 692
661 562
856 791
567 351
125 782
200 547
759 560
782 729
429 930
97 528
888 934
994 843
276 228
887 80
262 364
63 278
615 726
343 207
562 625
967 685
752 696
972 449
205 427
34 998
910 497
653 452
498 794
572 825
650 947
827 450
934 795
292 759
302 794
577 60
410 514
793 251
62 789
469 727
77 958
901 908
48 267
339 754
395 264
428 313
813 207
614 790
115 747
883 203
343 21
329 500
242 789
122 230
571 738
223 754
322 596
52 151
262 862
472 854
320 858
548 326
722 205
221 152
415 153
344 182
903 385
897 948
703 743
383 808
508 217
455 221
378 291
772 675
717 374
408 179
307 261
850 854
236 376
508 477
167 633
951 499
610 420
557 735
269 252
907 782
212 416
937 525
407 813
520 788
560 661
871 182
89 741
569 588
711 644
886 321
23 631
116 616
219 449
83 146
72 496
58 277
959 67
721 534
135 167
812 358
588 993
56 82
566 982
757 268
520 286
