1000
1 0
2 1
3 0
4 0
5 3
6 2
7 2
8 1
9 4
10 0
11 2
12 1
13 11
14 13
15 13
16 15
17 9
18 2
19 18
20 0
21 4
22 2
23 12
24 10
25 17
26 12
27 17
28 2
29 12
30 2
31 29
32 23
33 12
34 10
35 17
36 16
37 13
38 18
39 10
40 34
41 35
42 39
43 21
44 11
45 28
46 20
47 1
48 40
49 20
50 31
51 19
52 29
53 15
54 19
55 3
56 8
57 1
58 23
59 33
60 12
61 3
62 48
63 37
64 24
65 43
66 17
67 58
68 30
69 59
70 53
71 14
72 52
73 62
74 1
75 38
76 65
77 56
78 32
79 50
80 53
81 45
82 33
83 71
84 18
85 74
86 71
87 62
88 3
89 71
90 19
91 51
92 33
93 18
94 66
95 76
96 81
97 17
98 77
99 11
100 72
101 46
102 82
103 55
104 36
105 35
106 3
107 94
108 84
109 20
110 10
111 84
112 109
113 61
114 105
115 27
116 26
117 67
118 104
119 34
120 30
121 40
122 3
123 19
124 92
125 15
126 92
127 17
128 81
129 26
130 28
131 43
132 74
133 72
134 14
135 40
136 30
137 59
138 2
139 45
140 76
141 75
142 95
143 100
144 68
145 18
146 97
147 41
148 119
149 117
150 67
151 129
152 77
153 90
154 41
155 79
156 97
157 89
158 20
159 41
160 108
161 43
162 82
163 24
164 152
165 64
166 157
167 102
168 95
169 152
170 166
171 104
172 21
173 171
174 44
175 70
176 127
177 122
178 97
179 3
180 86
181 112
182 148
183 155
184 20
185 97
186 112
187 39
188 150
189 131
190 14
191 16
192 147
193 160
194 48
195 189
196 9
197 121
198 180
199 136
200 194
201 133
202 105
203 195
204 30
205 63
206 69
207 102
208 80
209 150
210 28
211 122
212 198
213 159
214 26
215 143
216 7
217 135
218 15
219 75
220 89
221 149
222 95
223 21
224 28
225 223
226 12
227 118
228 126
229 31
230 117
231 69
232 75
233 138
234 224
235 20
236 200
237 234
238 201
239 60
240 221
241 30
242 227
243 190
244 109
245 229
246 176
247 0
248 3
249 191
250 35
251 144
252 218
253 252
254 207
255 235
256 39
257 77
258 222
259 213
260 246
261 150
262 12
263 25
264 30
265 79
266 151
267 27
268 194
269 194
270 172
271 49
272 88
273 2
274 58
275 49
276 168
277 152
278 233
279 46
280 90
281 224
282 131
283 27
284 71
285 55
286 66
287 42
288 96
289 225
290 123
291 173
292 190
293 40
294 146
295 7
296 119
297 46
298 194
299 114
300 146
301 110
302 80
303 65
304 151
305 151
306 292
307 122
308 102
309 34
310 215
311 230
312 2
313 251
314 143
315 241
316 102
317 134
318 166
319 55
320 260
321 64
322 32
323 277
324 162
325 48
326 287
327 320
328 146
329 143
330 10
331 284
332 77
333 98
334 224
335 125
336 125
337 282
338 150
339 263
340 277
341 281
342 331
343 24
344 318
345 292
346 10
347 160
348 175
349 343
350 284
351 181
352 217
353 61
354 225
355 64
356 297
357 274
358 332
359 215
360 132
361 244
362 267
363 103
364 26
365 113
366 218
367 133
368 158
369 85
370 107
371 28
372 38
373 49
374 149
375 15
376 170
377 277
378 249
379 247
380 336
381 268
382 178
383 196
384 307
385 23
386 70
387 298
388 308
389 26
390 200
391 158
392 208
393 68
394 260
395 176
396 387
397 204
398 81
399 54
400 191
401 200
402 176
403 152
404 176
405 336
406 241
407 194
408 291
409 259
410 318
411 126
412 11
413 361
414 349
415 148
416 263
417 368
418 11
419 389
420 83
421 301
422 86
423 363
424 138
425 298
426 415
427 394
428 229
429 305
430 402
431 125
432 258
433 267
434 184
435 136
436 60
437 32
438 417
439 22
440 363
441 0
442 348
443 11
444 144
445 135
446 176
447 75
448 136
449 41
450 115
451 143
452 110
453 395
454 217
455 285
456 62
457 440
458 241
459 376
460 119
461 337
462 291
463 114
464 413
465 350
466 161
467 381
468 242
469 433
470 23
471 133
472 320
473 126
474 171
475 204
476 380
477 127
478 312
479 321
480 9
481 292
482 83
483 318
484 372
485 76
486 355
487 121
488 264
489 211
490 3
491 193
492 90
493 193
494 294
495 35
496 371
497 356
498 234
499 247
500 65
501 146
502 240
503 126
504 404
505 212
506 468
507 251
508 223
509 424
510 154
511 404
512 433
513 189
514 301
515 168
516 445
517 79
518 139
519 66
520 204
521 465
522 269
523 151
524 326
525 480
526 342
527 503
528 456
529 38
530 71
531 530
532 346
533 104
534 356
535 198
536 37
537 48
538 425
539 200
540 449
541 252
542 412
543 22
544 288
545 283
546 369
547 263
548 395
549 11
550 91
551 254
552 415
553 411
554 462
555 51
556 306
557 193
558 545
559 414
560 96
561 406
562 392
563 303
564 469
565 59
566 435
567 162
568 318
569 433
570 388
571 98
572 329
573 562
574 61
575 421
576 349
577 231
578 459
579 57
580 72
581 366
582 467
583 166
584 411
585 243
586 516
587 281
588 560
589 244
590 465
591 366
592 271
593 421
594 73
595 68
596 61
597 445
598 1
599 283
600 140
601 525
602 422
603 281
604 8
605 397
606 383
607 194
608 364
609 197
610 102
611 478
612 108
613 571
614 537
615 143
616 422
617 47
618 567
619 611
620 153
621 614
622 288
623 60
624 394
625 326
626 486
627 472
628 47
629 125
630 566
631 246
632 441
633 129
634 221
635 27
636 586
637 436
638 604
639 122
640 415
641 258
642 101
643 203
644 345
645 410
646 639
647 233
648 219
649 215
650 369
651 629
652 108
653 431
654 380
655 106
656 19
657 349
658 477
659 575
660 543
661 26
662 13
663 190
664 450
665 430
666 494
667 491
668 382
669 630
670 325
671 517
672 300
673 672
674 658
675 135
676 293
677 83
678 676
679 189
680 238
681 235
682 548
683 192
684 71
685 192
686 23
687 427
688 560
689 183
690 667
691 492
692 612
693 311
694 2
695 100
696 564
697 190
698 33
699 32
700 409
701 549
702 148
703 594
704 6
705 645
706 61
707 294
708 272
709 566
710 668
711 584
712 427
713 304
714 709
715 542
716 146
717 89
718 688
719 465
720 500
721 189
722 229
723 55
724 603
725 47
726 543
727 632
728 130
729 312
730 579
731 635
732 574
733 156
734 130
735 145
736 641
737 104
738 207
739 263
740 376
741 707
742 553
743 511
744 231
745 112
746 616
747 286
748 439
749 587
750 705
751 331
752 35
753 288
754 587
755 422
756 304
757 8
758 496
759 3
760 288
761 37
762 81
763 742
764 70
765 623
766 670
767 316
768 113
769 185
770 332
771 747
772 319
773 430
774 737
775 735
776 492
777 645
778 292
779 496
780 424
781 430
782 378
783 154
784 417
785 239
786 709
787 564
788 390
789 365
790 629
791 35
792 98
793 191
794 627
795 763
796 225
797 97
798 152
799 140
800 298
801 555
802 209
803 25
804 37
805 257
806 220
807 390
808 464
809 412
810 226
811 348
812 5
813 670
814 249
815 4
816 499
817 437
818 748
819 389
820 234
821 128
822 616
823 454
824 396
825 368
826 326
827 739
828 191
829 351
830 764
831 398
832 129
833 728
834 725
835 585
836 200
837 78
838 577
839 388
840 54
841 306
842 223
843 498
844 68
845 581
846 256
847 678
848 843
849 399
850 220
851 804
852 540
853 796
854 738
855 797
856 219
857 240
858 307
859 97
860 383
861 7
862 815
863 713
864 681
865 110
866 264
867 311
868 686
869 201
870 236
871 564
872 674
873 60
874 716
875 751
876 327
877 695
878 784
879 695
880 719
881 31
882 802
883 429
884 87
885 376
886 353
887 275
888 450
889 667
890 49
891 802
892 6
893 409
894 645
895 16
896 341
897 832
898 125
899 1
900 39
901 136
902 483
903 685
904 848
905 836
906 587
907 790
908 746
909 642
910 499
911 466
912 402
913 285
914 25
915 636
916 492
917 145
918 333
919 3
920 356
921 614
922 525
923 345
924 227
925 682
926 664
927 221
928 27
929 324
930 478
931 603
932 216
933 525
934 698
935 829
936 357
937 854
938 825
939 103
940 563
941 585
942 247
943 8
944 408
945 321
946 293
947 645
948 707
949 508
950 560
951 947
952 759
953 614
954 669
955 172
956 487
957 499
958 206
959 819
960 846
961 446
962 99
963 934
964 833
965 540
966 225
967 623
968 347
969 608
970 961
971 598
972 964
973 221
974 52
975 310
976 245
977 594
978 925
979 675
980 727
981 901
982 804
983 657
984 182
985 363
986 524
987 451
988 594
989 802
990 885
991 675
992 163
993 669
994 200
995 604
996 674
997 215
998 379
999 263
344 926
966 214
929 716
602 412
869 11
803 909
685 924
840 40
694 257
82 866
703 481
633 603
828 665
235 742
906 717
930 609
799 891
665 429
559 768
283 31
909 268
943 669
492 961
116 132
457 89
597 270
544 173
122 945
919 218
459 2
362 861
585 489
252 735
274 390
150 532
192 937
280 94
816 55
633 62
386 808
677 50
273 878
130 482
441 272
174 357
88 52
193 441
67 491
683 679
86 285
858 988
823 974
281 859
775 809
512 744
110 512
180 944
34 526
940 901
796 171
631 678
575 887
53 218
93 978
336 997
400 23
318 739
698 793
934 113
202 558
309 123
60 752
660 736
723 162
96 449
533 176
589 537
707 879
687 591
604 19
783 366
439 533
63 391
394 298
436 178
67 762
623 332
744 532
304 175
610 875
921 553
92 890
33 928
630 258
610 490
101 166
648 154
552 712
656 500
130 764
378 970
575 498
829 727
444 665
470 584
360 271
148 643
361 701
692 359
196 471
380 995
869 921
397 899
367 333
50 788
296 842
351 785
44 750
616 6
805 891
88 866
828 648
739 489
462 262
464 847
70 699
374 73
283 292
681 126
206 178
481 915
226 399
688 731
527 755
662 725
109 39
539 359
882 930
320 369
713 785
114 76
183 993
460 410
315 905
343 959
177 259
537 44
594 985
280 364
780 172
377 424
754 423
226 533
264 202
863 501
541 499
77 259
604 54
641 848
409 37
916 458
741 131
934 916
574 979
91 105
215 246
646 746
271 8
513 479
512 908
38 770
910 14
429 31
73 126
475 999
225 541
651 492
854 791
964 319
201 984
398 309
947 172
737 216
368 391
261 338
198 291
976 220
912 199
383 268
10 588
69 365
440 859
9 632
47 538
326 769
840 990
524 748
45 203
7 230
417 526
769 48
712 859
97 374
975 378
303 926
2 253
50 636
833 700
464 883
958 481
466 53
397 768
178 155
704 182
313 0
310 579
265 47
584 89
52 758
536 92
712 802
286 724
655 514
968 445
719 783
732 80
162 224
46 282
115 469
329 466
806 290
580 216
634 291
74 729
431 702
325 607
526 371
241 389
81 520
681 800
223 994
368 906
628 750
45 336
995 798
60 458
841 119
901 675
208 94
540 358
228 523
68 216
461 382
824 421
714 109
512 363
222 959
908 331
282 467
72 46
903 434
220 995
734 428
143 510
334 894
279 421
728 944
960 228
75 45
887 832
223 988
17 609
832 291
589 544
313 451
186 144
74 342
198 345
592 709
93 695
416 302
242 513
151 819
685 389
33 926
617 873
284 864
953 789
560 345
774 972
157 985
175 586
993 589
22 591
685 894
507 880
82 251
375 327
5 798
975 657
909 20
811 381
701 582
634 21
458 461
668 501
2 986
428 624
919 195
719 801
239 914
117 951
9 599
483 722
22 134
467 746
962 643
785 0
926 562
354 571
67 43
171 148
324 986
419 70
504 93
302 820
667 814
847 559
449 88
618 879
982 487
227 790
93 400
710 868
970 984
492 341
174 656
326 23
391 629
306 560
953 446
791 140
390 182
286 947
541 682
495 449
473 861
749 848
377 422
423 672
663 739
220 134
592 367
338 906
855 558
907 474
30 970
141 860
266 190
717 945
33 663
223 493
243 363
964 859
530 873
288 670
352 608
198 234
635 292
403 344
552 875
556 560
553 77
157 617
684 306
111 764
250 901
629 727
135 814
444 581
605 838
956 330
600 203
439 68
214 203
292 734
501 446
392 510
928 316
307 6
312 149
682 96
299 679
31 650
27 50
369 960
205 120
592 889
572 360
585 474
139 521
810 967
356 620
356 424
623 578
818 808
97 484
986 240
936 290
358 818
233 723
399 554
751 371
48 679
633 778
66 807
878 481
705 8
455 496
794 747
201 419
327 986
581 355
697 362
22 304
433 476
271 332
371 30
742 891
151 159
465 407
125 135
587 96
748 684
571 360
360 89
210 924
918 969
476 481
632 143
482 316
143 275
303 768
887 645
186 589
353 593
854 798
287 8
216 168
668 558
520 711
607 847
250 296
938 848
264 1
355 619
566 781
926 10
713 787
172 300
244 294
445 109
681 400
614 71
945 503
702 247
64 57
387 362
896 828
412 391
720 862
2 54
544 739
992 189
220 829
748 356
123 214
177 462
691 649
714 408
786 990
325 990
163 780
474 449
187 40
207 333
928 692
801 398
357 571
65 370
828 705
265 665
977 864
977 914
398 685
426 848
288 320
501 113
485 986
153 574
849 641
952 326
356 711
597 78
681 753
509 979
613 563
103 152
930 713
72 595
768 424
775 489
423 586
98 906
755 865
531 151
492 683
491 80
24 915
50 90
304 320
784 814
788 367
226 332
851 428
932 518
332 574
399 641
538 80
856 702
583 883
549 336
560 641
940 189
41 788
970 943
397 181
797 197
115 233
919 978
264 542
919 151
846 315
6 356
766 797
90 97
527 421
242 899
530 175
463 43
233 350
771 776
580 195
482 204
760 501
801 636
133 930
527 529
754 707
454 460
894 677
310 223
118 868
271 798
686 322
944 764
502 493
105 633
291 807
841 777
613 424
245 413
6 474
836 818
110 599
696 365
566 395
640 962
167 924
800 126
971 340
267 134
391 967
996 204
592 670
673 739
949 410
153 508
16 764
823 288
478 537
776 346
305 845
254 977
203 774
180 961
988 875
113 884
715 271
681 704
829 461
41 364
248 294
973 124
651 878
471 292
332 564
126 184
581 944
825 450
652 751
150 901
189 321
596 742
38 308
921 667
255 305
713 196
659 868
900 805
328 250
898 293
367 691
341 289
384 438
635 210
230 380
959 733
386 956
139 129
623 526
276 939
961 979
218 13
610 305
315 285
907 181
875 537
819 489
849 881
607 749
825 253
398 329
745 957
280 673
339 23
187 329
670 827
113 600
785 571
305 209
797 374
496 115
822 244
316 883
694 339
213 544
694 463
896 676
882 321
553 570
823 574
749 426
507 144
538 946
137 443
595 543
376 621
947 481
432 456
909 508
704 972
670 698
254 429
864 814
804 972
883 996
171 937
954 893
951 30
712 230
391 15
445 927
575 486
472 73
516 75
259 825
163 56
654 89
638 674
633 582
980 875
257 564
788 29
230 957
326 201
111 480
422 470
570 742
861 509
76 824
238 504
753 733
866 267
89 616
633 186
847 573
526 666
391 756
69 509
556 270
219 725
571 549
274 721
967 472
320 421
922 635
147 187
852 773
611 328
995 3
132 530
328 82
382 405
330 458
227 397
369 533
116 757
368 863
504 694
504 336
650 123
54 588
422 225
184 644
896 164
193 662
186 85
374 823
432 656
324 184
648 553
480 734
323 694
659 619
523 800
864 219
521 603
404 361
924 301
864 607
359 451
109 204
847 279
982 928
111 814
491 772
563 974
79 628
430 156
695 958
808 211
260 884
655 793
504 236
568 563
218 386
586 433
925 315
208 652
571 138
681 60
377 472
54 246
744 524
111 979
936 634
162 636
624 896
89 760
598 259
94 112
71 232
846 250
748 454
872 745
738 201
801 966
972 562
213 880
711 377
467 278
50 381
269 125
679 714
587 206
235 233
107 327
102 917
311 897
310 441
924 97
631 472
418 320
791 356
404 141
521 488
654 283
105 297
766 261
14 495
337 701
369 617
267 620
697 942
730 683
640 112
735 200
125 779
906 957
111 276
369 475
786 380
692 236
1 396
64 437
345 474
103 642
766 273
752 971
220 431
704 92
476 151
621 507
89 431
619 922
518 781
917 261
990 818
681 717
687 416
472 51
355 112
824 536
629 340
177 777
317 835
776 552
440 458
283 965
151 784
242 355
257 354
342 615
648 653
137 36
78 259
473 82
377 596
746 61
290 373
415 649
742 678
237 74
703 230
388 386
146 121
259 44
357 657
63 238
373 866
975 979
297 167
415 518
887 979
752 987
353 26
536 527
476 406
379 520
765 333
645 454
719 575
674 889
437 317
821 244
608 85
785 103
30 642
487 939
896 672
805 103
263 870
167 519
402 268
957 956
622 284
425 566
362 357
987 213
357 706
219 288
311 353
282 972
545 511
325 478
457 0
798 780
86 357
33 982
229 782
33 994
262 335
469 901
902 608
882 917
137 243
277 123
483 914
461 526
364 153
387 754
174 447
896 0
484 442
689 863
793 760
897 648
329 346
491 735
24 923
466 661
477 742
760 819
843 357
231 513
132 870
375 76
714 440
173 373
780 291
244 638
713 853
266 680
524 881
466 577
292 315
225 297
846 278
567 651
265 422
685 344
662 825
173 966
978 71
290 456
978 235
701 568
858 842
800 648
874 737
563 709
557 907
874 868
111 991
719 935
490 112
73 720
581 838
312 366
26 633
35 637
66 518
160 728
328 675
352 986
686 932
829 337
280 192
224 972
203 637
699 11
777 879
736 269
53 568
76 103
605 162
268 736
136 0
178 530
302 603
540 770
134 599
697 897
360 245
360 91
864 196
520 868
355 57
70 250
858 325
478 630
792 261
721 700
977 645
686 258
833 14
352 934
54 575
245 727
643 391
359 70
177 288
960 933
172 63
278 501
304 136
817 142
583 935
325 311
184 153
73 149
372 121
370 520
784 590
156 393
746 825
487 80
723 405
698 251
200 807
462 216
276 685
113 315
189 235
342 811
393 8
878 782
597 991
13 917
281 522
843 939
700 688
781 263
336 135
623 248
226 325
9 328
520 752
179 17
47 790
646 476
87 686
593 665
93 29
229 129
454 181
453 215
955 152
509 733
838 18
870 186
662 92
690 537
890 93
859 933
64 683
835 944
881 447
671 131
219 151
37 24
178 925
271 203
316 604
771 39
495 874
80 124
786 689
399 766
357 248
851 570
157 215
247 529
200 344
803 831
409 168
163 861
705 636
356 274
27 737
170 336
273 636
627 235
48 192
66 389
277 197
522 884
394 69
623 252
673 587
298 841
660 869
41 909
711 696
632 168
643 546
32 238
519 594
130 914
5 747
521 872
190 760
825 175
651 306
511 205
753 117
79 309
408 729
100 580
776 675
752 82
417 179
632 451
29 985
218 365
836 49
638 380
812 621
518 360
411 762
660 792
91 490
134 768
336 600
64 414
281 795
279 763
888 697
381 204
144 213
294 800
370 524
22 668
916 505
356 810
487 736
215 681
211 247
532 637
585 328
345 175
436 683
425 959
861 680
733 517
90 299
787 408
995 536
37 174
808 86
56 513
586 864
207 147
821 654
996 744
774 170
995 146
551 726
627 450
236 43
162 794
249 613
924 472
946 250
311 988
886 945
949 618
225 95
239 483
589 540
291 686
836 324
42 596
149 898
857 505
872 407
41 22
496 952
117 540
556 94
352 843
785 846
752 424
176 609
651 37
335 246
460 906
423 138
258 329
602 2
830 975
846 79
350 942
155 785
987 704
341 407
467 815
885 281
732 687
738 209
358 372
152 846
396 856
307 536
439 869
98 450
710 984
610 776
349 526
102 482
345 913
104 817
966 259
727 527
989 92
789 179
158 358
995 681
685 636
651 320
116 915
585 813
301 737
840 662
906 962
829 544
60 690
770 617
604 948
241 610
320 201
170 76
893 77
739 492
310 715
500 857
359 896
588 313
568 973
19 292
489 62
476 344
287 959
582 515
904 31
713 143
712 284
752 464
313 318
174 521
856 16
969 221
778 144
702 617
979 600
175 302
406 877
304 212
230 909
794 570
543 878
329 827
370 97
177 474
916 940
640 398
938 607
303 912
866 999
131 225
601 918
762 409
61 980
596 402
270 847
608 731
86 69
575 112
961 706
745 999
307 357
363 333
533 589
450 79
876 945
327 685
374 316
222 320
753 599
300 445
914 689
316 737
359 674
806 316
858 573
6 426
426 299
500 636
663 580
629 206
450 193
430 873
303 965
296 440
312 474
100 920
935 903
43 977
903 535
187 985
783 965
458 416
693 755
56 358
267 930
293 240
153 668
516 513
247 989
291 837
100 32
224 33
696 382
737 766
930 633
288 677
271 982
561 220
736 841
618 902
190 707
910 833
157 254
645 817
858 281
868 2
506 302
628 411
297 9
250 877
652 452
699 450
355 269
41 43
806 25
622 954
779 353
603 614
65 851
14 549
245 732
847 340
30 425
325 673
855 916
481 433
8 291
758 534
601 925
308 408
765 806
728 125
351 594
561 571
363 526
146 673
299 818
471 38
572 786
142 265
373 140
723 519
932 716
655 484
605 218
182 936
935 693
780 682
397 945
836 171
238 588
469 73
641 7
513 852
248 408
458 886
736 796
28 747
843 1
777 143
66 145
269 55
362 282
767 943
881 827
952 3
677 49
299 449
634 408
73 444
238 709
431 780
363 528
519 832
200 479
648 173
916 677
795 656
272 929
587 279
760 987
104 982
646 65
376 750
906 648
106 327
50 62
65 198
506 364
505 186
769 714
657 433
32 914
644 151
367 526
542 198
53 357
800 841
939 304
48 258
998 643
577 620
912 839
730 498
450 789
829 814
696 93
70 750
281 388
558 9
665 740
795 912
732 37
742 535
249 105
120 386
921 190
113 988
780 836
815 411
294 742
600 632
714 85
901 26
395 752
987 690
347 376
614 641
866 416
619 581
189 809
939 122
792 259
48 214
345 601
173 821
163 611
174 979
931 318
537 184
419 25
487 821
281 70
11 629
931 9
86 606
945 228
37 311
318 656
256 604
68 81
471 844
476 969
738 667
615 732
501 52
92 227
47 366
438 488
914 676
473 183
954 694
50 867
64 433
437 906
338 825
105 820
54 946
98 110
922 739
760 90
811 626
247 795
240 47
420 198
811 429
977 987
20 27
686 604
625 16
140 189
877 205
887 369
283 300
351 93
744 862
555 157
411 907
483 365
578 714
184 659
394 505
410 15
634 414
309 452
173 339
577 864
466 896
661 727
178 227
536 230
317 90
499 555
641 121
246 698
512 271
637 267
76 211
42 988
628 296
25 198
592 272
909 976
455 594
972 290
991 405
597 3
789 383
160 689
61 942
869 546
993 210
453 79
45 358
967 257
309 37
648 331
900 169
74 975
434 870
896 84
153 541
99 261
20 61
356 349
123 165
903 111
144 788
240 810
736 928
84 753
334 837
30 16
946 718
125 202
993 367
903 552
425 779
749 516
243 705
914 515
302 977
184 465
572 749
425 927
59 762
991 831
274 86
672 264
789 387
474 725
400 929
287 799
716 859
837 443
104 887
733 350
376 345
245 461
962 649
444 634
931 832
730 520
437 706
474 719
739 758
629 915
947 841
475 967
462 671
216 791
327 435
9 531
509 199
266 591
975 580
942 271
363 845
170 40
459 959
766 498
477 768
409 953
54 217
72 379
258 22
322 548
986 618
611 213
258 831
507 107
382 923
667 435
552 94
531 667
705 760
891 388
882 695
708 59
53 686
553 383
37 90
544 534
375 182
615 736
587 798
28 708
483 408
358 233
70 766
705 508
57 544
506 513
684 399
728 517
405 292
851 240
443 919
180 648
0 908
840 240
291 543
505 767
642 672
307 373
465 938
192 385
577 725
745 949
528 467
898 723
888 392
57 585
511 554
282 599
531 480
194 906
840 831
854 768
399 304
23 460
132 437
124 268
252 970
916 917
431 192
692 420
495 462
790 959
792 455
931 518
425 920
395 418
135 227
238 82
157 48
948 980
497 474
558 963
989 812
772 169
849 186
884 710
266 467
820 953
553 692
780 931
458 17
19 11
151 828
452 827
889 152
596 234
955 414
59 171
179 350
421 915
813 643
204 120
621 997
460 324
33 938
138 17
713 270
106 174
908 206
492 680
280 389
585 156
965 806
632 784
759 648
936 33
559 327
57 719
349 887
355 381
107 972
298 653
305 397
301 929
592 78
881 931
669 813
903 789
309 324
263 317
743 317
512 936
283 580
821 984
453 46
469 680
661 439
78 876
62 385
295 885
120 368
913 346
101 803
954 858
309 589
534 798
167 609
849 892
12 556
310 45
321 12
997 8
953 743
364 544
940 734
749 80
673 200
848 495
147 155
429 767
323 77
968 199
209 448
609 776
88 148
302 108
414 31
944 82
932 600
15 350
792 145
507 454
805 370
656 712
52 185
276 927
969 711
177 52
60 879
962 328
354 688
467 208
567 642
649 553
946 773
243 259
998 588
228 506
889 329
806 111
922 970
253 422
268 849
413 297
17 329
232 425
605 556
360 844
929 674
54 970
823 707
308 105
41 998
557 65
369 578
759 290
596 9
698 17
984 477
912 794
694 714
689 503
990 755
569 310
215 33
616 920
703 158
215 702
133 928
930 286
824 881
334 796
252 618
824 724
761 216
407 883
399 879
719 717
834 747
827 592
781 973
846 608
758 554
894 269
823 896
342 246
428 113
311 456
646 154
410 66
76 496
23 875
510 943
539 598
376 160
832 802
258 910
848 875
279 73
666 225
870 821
744 584
30 540
502 316
13 680
105 370
650 354
60 51
326 744
494 785
35 754
57 788
565 232
882 439
910 30
327 632
335 291
409 764
45 481
721 393
21 790
189 784
739 194
159 311
80 543
979 867
487 617
508 114
364 532
652 406
593 741
559 294
871 313
634 95
141 169
678 543
752 511
203 202
839 610
394 205
754 853
979 936
719 559
175 505
456 771
819 803
500 247
386 598
368 497
742 607
330 838
283 856
946 20
584 195
734 23
971 960
744 401
431 477
302 970
796 957
909 536
52 777
83 311
597 443
232 617
776 730
264 913
981 400
824 978
369 183
898 732
565 641
670 982
868 903
143 399
905 777
264 134
2 597
89 570
301 187
522 772
5 108
362 137
49 370
292 299
281 763
903 598
214 791
489 48
205 33
759 362
960 883
491 859
273 553
995 572
340 976
826 430
472 119
373 479
729 691
484 708
645 809
795 481
672 741
795 363
991 487
706 14
182 221
204 634
390 963
197 816
511 31
940 379
701 529
733 730
450 183
211 233
856 943
799 927
545 182
346 171
253 286
684 600
