1000
1 0
2 1
3 1
4 0
5 4
6 1
7 2
8 6
9 0
10 9
11 8
12 9
13 9
14 0
15 0
16 5
17 8
18 13
19 4
20 5
21 3
22 10
23 0
24 3
25 2
26 5
27 5
28 15
29 24
30 13
31 28
32 20
33 2
34 18
35 2
36 5
37 19
38 25
39 17
40 2
41 36
42 35
43 1
44 14
45 31
46 16
47 18
48 8
49 28
50 25
51 3
52 42
53 31
54 53
55 30
56 48
57 34
58 19
59 21
60 51
61 45
62 13
63 23
64 51
65 18
66 52
67 50
68 35
69 21
70 14
71 69
72 30
73 10
74 46
75 41
76 54
77 66
78 20
79 9
80 18
81 28
82 22
83 7
84 71
85 1
86 36
87 81
88 57
89 76
90 62
91 86
92 36
93 41
94 5
95 82
96 89
97 33
98 40
99 31
100 20
101 85
102 76
103 96
104 103
105 98
106 44
107 71
108 94
109 93
110 43
111 103
112 79
113 31
114 26
115 42
116 104
117 80
118 116
119 4
120 32
121 81
122 50
123 102
124 102
125 45
126 124
127 28
128 121
129 10
130 94
131 91
132 130
133 111
134 109
135 134
136 65
137 127
138 131
139 42
140 16
141 52
142 54
143 2
144 49
145 75
146 121
147 13
148 93
149 74
150 25
151 93
152 33
153 42
154 1
155 36
156 154
157 126
158 63
159 55
160 122
161 5
162 80
163 111
164 155
165 71
166 143
167 137
168 39
169 88
170 111
171 67
172 58
173 152
174 21
175 125
176 13
177 80
178 138
179 44
180 15
181 20
182 66
183 9
184 137
185 149
186 134
187 113
188 183
189 140
190 126
191 9
192 70
193 72
194 19
195 153
196 102
197 59
198 46
199 188
200 190
201 99
202 54
203 80
204 3
205 84
206 103
207 191
208 150
209 92
210 163
211 83
212 113
213 109
214 185
215 74
216 92
217 110
218 47
219 36
220 192
221 192
222 89
223 221
224 10
225 140
226 67
227 44
228 172
229 96
230 219
231 168
232 18
233 141
234 71
235 188
236 186
237 33
238 133
239 235
240 1
241 188
242 216
243 161
244 106
245 177
246 21
247 40
248 174
249 213
250 189
251 241
252 227
253 154
254 141
255 74
256 26
257 174
258 216
259 170
260 75
261 234
262 180
263 149
264 254
265 13
266 44
267 4
268 206
269 110
270 67
271 34
272 97
273 186
274 67
275 174
276 180
277 237
278 121
279 100
280 10
281 198
282 259
283 110
284 32
285 123
286 262
287 88
288 8
289 95
290 253
291 77
292 137
293 99
294 136
295 211
296 295
297 73
298 225
299 209
300 276
301 204
302 265
303 5
304 252
305 34
306 288
307 157
308 259
309 279
310 123
311 135
312 5
313 281
314 65
315 221
316 233
317 215
318 97
319 142
320 43
321 250
322 59
323 105
324 316
325 311
326 160
327 130
328 65
329 223
330 136
331 99
332 61
333 77
334 62
335 62
336 260
337 279
338 329
339 328
340 161
341 140
342 16
343 274
344 250
345 203
346 343
347 42
348 171
349 52
350 217
351 328
352 181
353 277
354 272
355 266
356 18
357 307
358 255
359 143
360 183
361 21
362 269
363 125
364 66
365 0
366 192
367 189
368 301
369 85
370 77
371 63
372 63
373 241
374 321
375 51
376 254
377 60
378 120
379 203
380 203
381 142
382 80
383 202
384 379
385 156
386 177
387 173
388 262
389 388
390 42
391 214
392 158
393 221
394 149
395 96
396 225
397 289
398 262
399 152
400 285
401 315
402 128
403 31
404 186
405 213
406 335
407 285
408 141
409 208
410 302
411 207
412 336
413 161
414 225
415 18
416 305
417 154
418 250
419 303
420 129
421 414
422 259
423 93
424 274
425 314
426 404
427 289
428 192
429 254
430 105
431 294
432 405
433 249
434 208
435 6
436 257
437 332
438 179
439 401
440 107
441 101
442 359
443 55
444 34
445 95
446 243
447 314
448 74
449 242
450 131
451 375
452 249
453 284
454 141
455 44
456 374
457 8
458 192
459 263
460 282
461 189
462 55
463 127
464 348
465 222
466 201
467 353
468 124
469 6
470 353
471 400
472 11
473 58
474 373
475 186
476 241
477 238
478 249
479 373
480 155
481 175
482 290
483 135
484 391
485 49
486 219
487 355
488 407
489 406
490 127
491 96
492 480
493 198
494 469
495 91
496 420
497 394
498 349
499 190
500 439
501 452
502 252
503 383
504 25
505 37
506 408
507 2
508 161
509 118
510 310
511 443
512 475
513 291
514 24
515 383
516 128
517 248
518 14
519 107
520 297
521 272
522 209
523 372
524 184
525 410
526 103
527 14
528 450
529 327
530 171
531 320
532 174
533 190
534 444
535 368
536 227
537 527
538 256
539 462
540 282
541 449
542 35
543 178
544 19
545 363
546 81
547 512
548 175
549 219
550 241
551 145
552 15
553 536
554 124
555 313
556 91
557 185
558 347
559 152
560 218
561 305
562 505
563 324
564 169
565 43
566 369
567 221
568 211
569 484
570 299
571 470
572 365
573 268
574 235
575 405
576 163
577 494
578 543
579 303
580 384
581 139
582 122
583 255
584 582
585 100
586 55
587 216
588 414
589 116
590 9
591 301
592 303
593 63
594 369
595 551
596 473
597 50
598 5
599 128
600 430
601 399
602 486
603 358
604 153
605 107
606 190
607 497
608 443
609 558
610 84
611 506
612 559
613 1
614 440
615 441
616 561
617 24
618 130
619 496
620 108
621 200
622 507
623 486
624 310
625 373
626 397
627 300
628 549
629 44
630 312
631 362
632 471
633 357
634 381
635 342
636 586
637 633
638 109
639 154
640 110
641 15
642 596
643 306
644 376
645 533
646 40
647 326
648 590
649 565
650 41
651 237
652 421
653 121
654 104
655 444
656 98
657 649
658 291
659 507
660 605
661 405
662 137
663 128
664 251
665 249
666 222
667 241
668 560
669 391
670 193
671 375
672 273
673 224
674 208
675 198
676 60
677 158
678 45
679 559
680 582
681 131
682 465
683 338
684 33
685 570
686 334
687 607
688 152
689 549
690 438
691 4
692 657
693 434
694 130
695 261
696 94
697 199
698 580
699 530
700 67
701 686
702 701
703 540
704 375
705 628
706 101
707 116
708 337
709 121
710 106
711 500
712 376
713 520
714 701
715 650
716 488
717 465
718 34
719 712
720 620
721 146
722 432
723 600
724 225
725 30
726 0
727 393
728 515
729 225
730 197
731 531
732 707
733 335
734 107
735 12
736 342
737 46
738 681
739 564
740 361
741 406
742 189
743 508
744 118
745 566
746 721
747 704
748 215
749 181
750 691
751 728
752 738
753 128
754 91
755 399
756 53
757 727
758 526
759 50
760 367
761 213
762 106
763 118
764 177
765 585
766 420
767 192
768 607
769 712
770 107
771 674
772 427
773 282
774 697
775 724
776 621
777 167
778 116
779 715
780 516
781 370
782 688
783 399
784 653
785 394
786 673
787 69
788 362
789 757
790 601
791 405
792 310
793 415
794 225
795 730
796 183
797 508
798 576
799 0
800 681
801 175
802 648
803 140
804 131
805 600
806 543
807 513
808 408
809 517
810 6
811 489
812 613
813 266
814 408
815 630
816 34
817 787
818 88
819 357
820 294
821 98
822 492
823 119
824 355
825 405
826 752
827 738
828 119
829 762
830 261
831 211
832 326
833 220
834 188
835 212
836 77
837 438
838 246
839 256
840 141
841 346
842 257
843 782
844 817
845 537
846 663
847 462
848 436
849 212
850 759
851 574
852 307
853 647
854 201
855 332
856 811
857 656
858 509
859 0
860 492
861 81
862 553
863 625
864 587
865 459
866 50
867 54
868 790
869 350
870 777
871 290
872 189
873 636
874 653
875 207
876 632
877 136
878 60
879 634
880 600
881 808
882 668
883 613
884 492
885 350
886 729
887 524
888 562
889 201
890 655
891 357
892 638
893 585
894 527
895 93
896 843
897 748
898 151
899 790
900 252
901 808
902 884
903 298
904 631
905 829
906 527
907 817
908 582
909 426
910 268
911 870
912 338
913 771
914 183
915 399
916 793
917 144
918 761
919 252
920 891
921 105
922 800
923 687
924 286
925 26
926 767
927 106
928 731
929 852
930 603
931 357
932 813
933 105
934 832
935 126
936 541
937 604
938 509
939 627
940 623
941 316
942 278
943 664
944 549
945 291
946 308
947 495
948 59
949 640
950 571
951 261
952 779
953 496
954 21
955 394
956 754
957 274
958 816
959 227
960 335
961 586
962 576
963 447
964 960
965 325
966 695
967 493
968 340
969 281
970 895
971 260
972 472
973 353
974 199
975 647
976 102
977 643
978 585
979 98
980 376
981 589
982 568
983 877
984 774
985 856
986 682
987 446
988 684
989 913
990 806
991 711
992 154
993 867
994 946
995 364
996 829
997 156
998 583
999 505
447 812
465 233
804 485
95 275
177 75
372 575
954 78
746 554
711 925
957 329
134 194
557 871
353 506
769 377
824 555
284 431
187 782
999 429
415 59
731 912
410 692
225 772
539 962
824 489
43 507
513 687
546 734
354 822
736 645
414 592
417 952
214 866
268 267
246 557
928 221
598 107
12 537
227 181
49 402
298 922
389 616
136 217
927 775
865 695
107 998
171 900
617 677
94 248
142 31
442 883
430 767
597 458
723 719
976 734
87 84
644 566
195 893
694 836
570 443
149 477
869 114
924 90
579 924
552 532
652 615
79 364
106 477
691 233
517 738
322 394
249 403
931 467
727 649
255 588
69 836
530 77
298 636
677 494
682 51
609 18
426 423
89 516
457 787
284 978
820 93
542 678
508 762
123 356
821 118
615 397
430 688
141 121
640 993
649 60
292 997
900 799
438 618
700 967
760 53
85 787
356 989
104 30
866 583
967 645
946 504
650 411
831 985
161 663
449 444
406 711
516 21
637 694
554 764
676 641
938 471
353 23
963 701
213 214
801 757
251 115
282 268
780 241
758 109
282 331
921 818
983 412
607 465
497 203
482 627
820 917
763 350
397 114
963 561
839 970
604 336
68 992
345 189
848 148
254 878
405 863
542 87
751 983
655 228
412 707
300 784
218 888
503 980
564 585
816 215
474 685
527 795
781 266
106 920
4 120
19 226
853 505
417 278
507 916
746 866
769 624
610 394
792 830
562 566
611 783
976 64
428 868
942 236
538 445
122 73
218 193
210 260
287 652
401 155
552 239
586 815
924 360
48 410
956 714
440 344
29 920
885 755
896 451
117 622
24 364
860 555
584 370
909 472
318 428
968 251
920 675
709 935
881 375
124 679
408 346
982 166
46 569
874 134
377 141
922 867
109 866
416 25
602 633
935 222
515 482
368 21
742 13
117 95
288 58
489 592
479 629
347 581
791 633
437 912
804 957
509 942
809 163
431 360
484 781
684 613
598 171
580 1
194 703
684 30
48 418
739 777
935 199
647 240
37 253
215 407
572 546
828 841
372 578
857 708
310 183
92 205
532 546
944 635
883 528
400 943
370 849
194 281
370 409
990 62
417 433
98 501
404 256
659 601
201 250
714 664
87 507
352 147
50 997
552 310
606 44
736 231
112 211
2 187
988 232
773 12
862 234
867 359
832 267
647 433
757 24
638 930
400 621
671 201
612 853
711 143
616 295
365 489
294 549
71 900
793 222
615 69
777 523
110 584
717 255
628 982
635 151
281 988
190 833
298 214
69 289
91 42
220 773
69 505
161 74
37 216
958 905
17 269
278 1
983 110
429 624
372 746
728 660
478 731
54 875
383 531
394 626
262 931
14 99
68 331
181 135
559 83
933 163
918 984
744 72
522 635
486 498
741 75
48 322
67 923
907 215
225 709
646 471
46 862
714 779
692 483
974 344
291 41
892 986
227 435
244 627
75 92
194 297
915 212
38 158
226 311
608 521
877 825
822 657
437 582
140 986
684 574
287 96
987 757
390 456
827 497
213 678
342 308
567 57
329 674
847 723
233 988
355 213
502 235
830 671
984 456
41 652
581 255
493 548
69 669
247 99
34 870
232 199
199 993
24 926
563 328
87 822
922 230
496 591
841 69
346 123
620 24
955 877
501 819
300 223
675 179
283 581
829 711
833 215
113 381
177 645
822 506
609 282
266 105
945 867
729 997
853 105
67 26
552 585
600 701
815 597
394 19
695 956
407 623
756 764
938 445
703 552
773 412
362 988
125 745
323 181
962 606
564 958
706 65
19 157
809 176
827 148
910 355
749 19
341 650
700 338
884 413
884 692
813 211
558 920
239 33
563 1
33 516
114 205
532 34
96 883
724 723
899 781
787 157
67 557
410 93
174 948
877 201
470 390
801 873
736 913
860 535
828 27
801 356
196 555
463 121
811 640
117 327
924 791
765 678
812 608
450 674
669 95
847 508
568 456
685 301
29 19
624 557
442 368
983 113
374 68
918 690
505 681
842 410
490 75
248 82
396 7
170 15
750 774
55 588
374 39
22 792
321 995
711 215
185 458
686 703
963 203
380 689
612 456
60 823
353 592
7 285
407 6
925 624
469 614
241 747
996 456
791 904
15 629
836 43
765 182
354 730
321 461
15 225
922 283
281 739
188 720
264 546
330 424
872 895
989 699
617 805
126 493
628 8
940 844
941 187
491 273
408 535
377 365
961 79
406 780
900 912
631 671
741 271
375 571
78 114
187 647
171 824
256 108
18 364
620 165
820 508
413 93
107 897
642 743
800 31
172 57
658 964
600 946
860 670
700 346
251 572
459 665
90 374
111 759
533 529
570 83
527 266
137 279
240 196
446 296
230 773
232 596
254 962
65 236
791 467
308 113
540 42
264 971
572 956
566 452
624 698
723 139
176 705
42 244
442 189
306 756
976 933
150 891
172 447
943 82
187 580
59 812
948 718
415 961
156 438
121 453
591 499
227 776
636 172
228 702
101 871
937 742
610 386
507 608
369 926
437 624
460 483
829 431
360 758
804 104
909 400
172 144
438 720
557 631
159 657
355 307
190 198
864 507
136 89
482 673
521 163
312 457
750 501
126 478
291 638
635 100
564 797
651 248
274 78
526 467
541 930
76 837
512 894
259 431
310 790
662 769
726 122
804 825
205 950
859 997
601 160
335 296
726 179
226 8
823 32
841 489
282 572
9 130
400 820
909 292
367 796
973 867
478 112
812 29
61 274
798 696
175 642
972 200
565 684
350 230
368 882
211 484
330 770
496 692
177 667
307 297
321 905
530 717
845 288
901 761
810 500
309 675
912 279
704 658
702 76
978 669
401 617
648 681
304 610
356 297
607 567
497 152
239 567
802 466
694 6
3 416
448 210
67 394
505 507
725 583
405 969
137 936
575 392
780 747
882 118
721 300
111 197
762 157
924 755
511 837
5 478
985 575
882 486
340 817
653 843
311 381
790 837
113 517
837 707
954 23
843 155
227 544
133 567
835 221
989 993
847 796
223 389
796 401
886 549
964 629
120 898
899 496
637 117
886 831
631 566
887 897
518 76
574 755
811 427
55 996
919 620
540 818
527 998
248 83
910 722
824 272
287 452
69 995
797 389
778 114
634 798
326 4
536 223
799 792
343 997
180 365
636 466
940 595
962 965
432 728
631 731
194 287
598 886
161 123
36 161
714 106
793 430
797 332
37 70
912 299
37 664
604 220
657 621
970 939
427 719
185 245
877 34
368 894
687 963
34 700
941 221
739 443
609 746
709 334
946 854
255 495
664 15
291 886
690 809
843 990
470 783
663 789
469 676
957 578
56 143
629 432
435 292
88 153
773 455
557 462
305 211
919 10
324 721
951 775
987 860
769 104
112 945
597 141
200 932
69 381
997 782
955 19
229 376
697 311
175 951
135 289
772 447
14 967
617 154
31 177
905 749
652 794
736 353
981 640
164 796
489 453
240 768
522 198
694 76
346 24
736 270
351 227
723 290
241 527
712 924
572 963
872 193
511 852
20 268
519 986
246 308
464 79
248 530
882 280
991 865
308 318
347 334
39 350
414 303
401 844
870 432
509 447
521 736
516 213
404 962
514 559
272 639
631 616
425 465
144 831
660 691
873 51
661 332
546 542
571 970
611 394
656 131
309 801
560 438
407 825
605 928
698 859
132 843
129 956
921 169
240 69
242 526
7 77
218 147
635 927
180 911
483 14
922 976
690 764
17 391
493 794
899 898
322 546
80 906
931 784
353 325
174 735
260 566
322 448
816 732
215 858
411 555
119 20
766 966
392 543
929 478
729 171
903 319
375 202
480 839
424 681
341 209
598 895
293 134
691 974
19 347
839 903
922 453
724 42
174 1
226 306
800 528
300 695
414 535
797 581
132 301
320 402
803 766
356 141
372 29
768 378
994 782
616 194
57 793
260 487
422 450
241 125
413 357
343 595
729 398
255 537
20 767
510 972
755 163
450 357
508 752
743 431
215 274
447 663
534 1
676 862
634 412
259 122
44 631
39 987
117 776
903 657
827 104
925 898
528 61
524 297
856 867
469 674
919 714
150 258
532 563
600 724
398 165
219 766
770 244
760 410
742 873
11 328
341 604
699 321
624 645
479 814
85 131
974 783
374 556
595 39
472 419
612 717
246 447
197 798
170 72
206 845
152 300
685 148
511 496
937 532
213 226
437 297
38 499
397 785
496 26
193 299
205 859
155 972
54 335
125 988
529 389
532 231
135 6
883 984
277 566
886 640
308 430
852 388
639 535
295 876
1 465
220 432
192 873
689 493
850 409
40 869
370 193
703 741
967 771
96 688
610 260
292 256
343 236
341 267
432 309
788 85
96 75
964 336
852 901
949 488
200 70
322 823
650 442
804 95
673 111
738 254
808 809
992 847
506 78
35 572
419 584
383 793
673 328
109 61
966 288
965 146
627 193
667 547
842 123
41 301
0 363
409 22
485 46
781 122
33 404
989 709
661 360
436 91
300 204
728 114
28 249
972 489
212 844
692 874
67 339
764 442
786 943
44 594
120 812
740 598
633 468
656 146
554 266
345 733
243 625
40 573
761 677
367 538
303 841
598 807
680 847
47 714
500 543
855 181
989 255
961 997
909 608
912 312
413 833
336 60
132 525
2 434
778 431
363 241
160 46
575 662
959 851
759 377
497 135
701 756
207 10
575 188
968 622
648 618
179 330
855 203
810 394
201 251
643 308
338 713
771 909
379 124
673 226
272 835
125 131
714 393
227 817
852 543
952 712
964 780
848 72
880 552
449 677
153 166
631 943
129 599
5 636
525 675
717 264
911 755
52 15
82 322
325 281
474 626
864 20
656 226
215 224
192 93
245 155
599 614
27 829
764 63
881 885
1 106
949 42
662 630
274 271
546 91
872 78
551 720
676 437
517 373
459 423
610 646
903 56
723 449
839 549
546 622
660 554
150 124
682 800
404 855
390 326
177 179
509 503
161 462
603 484
565 820
85 466
837 636
915 390
338 768
749 173
302 746
873 761
435 17
710 325
228 131
993 377
532 876
73 793
977 773
41 47
541 120
825 786
833 752
73 462
533 61
508 290
568 500
477 81
889 22
520 376
904 999
271 191
292 710
367 747
618 997
543 663
574 934
109 682
514 869
181 180
432 341
6 474
901 738
555 241
604 942
35 719
419 727
565 76
870 901
859 184
607 905
882 927
287 57
828 991
860 369
906 314
350 659
977 943
599 311
511 850
823 429
538 116
449 199
246 997
182 92
729 61
316 943
317 715
282 534
241 725
795 71
724 158
580 284
639 589
772 895
110 666
775 489
739 419
967 531
758 805
935 192
725 727
389 98
908 743
20 713
594 656
675 210
280 675
830 180
565 458
582 606
731 372
976 315
680 402
55 384
98 304
726 172
851 208
318 238
292 992
112 29
137 795
193 264
25 101
719 62
304 168
899 863
370 44
37 706
806 395
774 528
133 547
47 373
782 396
980 199
352 593
404 734
35 467
999 404
203 985
580 222
978 148
702 568
728 975
355 96
634 436
529 760
828 481
917 710
820 321
193 41
725 286
657 58
860 925
635 986
187 434
961 762
816 106
316 132
817 864
430 353
54 975
539 884
138 846
541 388
623 441
611 352
886 100
382 546
320 202
936 949
268 396
897 459
782 718
695 511
527 35
177 74
415 984
464 409
220 54
123 219
21 609
501 960
87 374
429 604
283 281
394 83
563 964
665 127
191 499
876 277
313 892
929 926
881 277
76 945
13 206
946 446
416 181
859 565
285 880
507 804
441 132
589 791
907 484
820 770
785 78
792 282
360 992
721 682
807 976
844 210
321 625
543 769
509 904
545 19
196 230
227 205
46 961
982 893
161 811
720 631
783 339
358 826
810 650
863 114
511 94
802 22
845 811
197 633
912 16
676 710
542 213
530 580
862 34
831 577
672 114
806 827
100 742
746 417
891 222
141 225
180 75
100 611
484 632
705 657
597 887
926 818
121 400
716 348
724 523
958 919
388 670
901 681
86 403
352 980
613 625
71 347
513 331
477 563
298 453
175 391
664 106
333 211
945 459
76 290
966 418
446 315
722 324
847 646
231 221
116 837
871 766
786 461
636 745
952 140
612 93
155 92
109 405
524 973
497 738
967 449
614 905
891 481
229 160
921 869
700 713
131 889
906 569
442 787
919 522
972 120
846 372
320 302
912 851
927 164
773 314
649 110
529 661
777 661
873 20
22 403
425 595
7 468
540 22
491 416
711 58
642 181
194 895
659 681
900 466
578 453
434 958
805 725
187 834
804 515
923 662
908 4
370 551
126 962
545 650
656 993
216 101
487 285
911 361
231 336
623 988
794 906
147 810
777 672
641 116
993 695
615 329
444 867
179 976
939 712
404 120
830 489
462 879
536 70
262 62
129 184
771 254
89 488
173 787
230 398
237 158
203 158
911 793
741 180
120 852
618 320
705 868
432 436
589 683
736 891
37 427
997 868
557 355
485 659
659 932
547 601
995 597
909 386
330 523
929 980
469 421
351 999
213 971
115 848
169 198
243 103
896 874
711 289
514 833
129 440
121 449
290 693
209 493
397 16
745 426
245 639
6 279
335 866
147 624
155 647
846 508
93 120
153 777
786 690
132 762
473 577
636 847
927 903
698 546
727 188
138 498
524 64
726 48
4 27
511 815
188 493
656 385
746 697
119 900
355 188
168 931
713 236
215 592
271 571
586 728
5 467
449 327
51 67
187 210
372 920
446 716
409 247
74 608
606 886
211 957
645 266
954 632
541 211
247 698
830 460
28 930
732 447
240 870
358 741
247 539
658 491
739 860
991 344
578 862
934 923
875 994
957 121
373 932
993 948
655 649
456 487
926 437
97 917
958 10
728 170
855 629
210 521
83 442
609 925
450 775
212 652
35 302
919 564
919 340
666 25
699 367
848 999
418 469
863 650
692 927
526 149
992 780
888 199
65 298
132 481
103 775
966 196
45 566
702 128
803 837
195 576
328 882
835 121
829 974
986 224
8 546
4 963
428 230
216 832
794 712
716 945
718 794
31 97
728 604
167 729
516 280
584 747
113 325
845 464
43 123
230 413
518 254
230 95
168 429
463 223
256 713
876 889
81 83
331 286
597 286
262 826
504 612
741 336
315 573
929 793
512 297
975 75
753 591
423 350
648 790
488 962
778 976
801 700
821 935
55 823
994 40
406 903
97 836
438 409
897 628
276 55
976 901
505 320
605 561
835 795
911 197
462 243
337 978
695 686
950 514
277 528
187 236
724 630
45 443
311 916
599 0
737 719
183 944
193 582
766 969
504 355
955 558
63 552
692 161
178 989
504 424
155 317
131 768
316 560
62 918
637 116
442 357
198 180
249 705
273 267
458 378
432 97
287 124
830 172
284 891
733 642
326 76
99 251
670 847
673 299
329 553
147 53
693 989
141 67
794 738
463 897
138 632
463 170
414 36
760 19
975 475
844 339
526 404
819 4
816 869
544 259
602 711
620 962
325 910
762 672
533 672
998 886
748 816
475 210
494 394
191 24
912 86
69 580
498 594
102 277
639 815
829 43
677 574
278 553
821 179
154 925
648 119
498 573
115 364
902 212
905 202
505 769
852 175
442 928
88 522
169 978
876 232
387 856
62 384
485 629
233 89
753 505
85 251
736 65
60 674
404 932
44 839
352 17
342 954
119 420
722 690
6 823
109 516
415 293
56 658
955 994
126 986
971 830
922 496
466 704
906 510
698 695
932 815
938 220
59 483
466 667
166 76
219 529
653 608
733 623
449 711
981 532
287 268
851 841
489 305
686 437
857 91
580 969
499 876
2 558
62 431
373 706
654 390
26 66
121 447
216 577
43 501
808 327
217 51
742 317
503 691
247 764
502 908
174 461
286 811
685 131
555 888
508 596
759 177
425 807
596 325
453 40
380 966
319 775
735 489
103 678
128 778
785 833
349 464
19 983
465 127
853 335
271 285
316 174
173 92
275 677
715 870
767 711
526 447
286 400
662 428
331 625
632 121
472 919
304 856
216 133
327 438
15 502
429 647
889 852
812 666
420 710
48 223
820 443
766 660
577 238
264 863
958 314
867 158
320 300
797 930
745 384
750 242
640 612
362 132
295 105
824 590
497 455
650 27
702 16
193 281
164 629
4 158
331 316
213 715
365 803
528 457
209 710
825 416
3 733
137 87
369 177
228 749
140 133
418 134
185 585
825 553
147 57
59 246
559 468
881 781
756 920
44 169
813 963
299 748
204 957
198 196
612 65
278 163
51 394
447 956
650 922
411 97
43 806
28 282
990 557
685 616
904 487
301 999
632 315
762 65
63 696
822 344
364 125
560 92
569 380
498 698
869 160
698 37
863 424
640 414
307 380
571 711
117 108
696 942
135 40
168 581
368 658
364 910
620 88
600 531
882 189
97 827
118 607
428 737
627 243
61 527
52 212
161 984
127 483
136 298
926 137
706 474
172 423
197 250
481 982
16 37
506 835
343 667
552 842
292 560
611 355
150 151
978 594
217 573
98 904
530 184
625 688
876 525
381 924
620 144
886 940
477 774
157 720
929 343
856 238
246 72
915 701
952 668
212 10
64 818
530 303
961 250
915 473
34 506
345 299
925 133
153 910
564 466
432 250
882 546
801 630
605 131
695 259
614 714
812 343
770 309
164 45
801 958
545 457
968 508
83 825
867 71
719 700
229 500
327 896
24 79
990 262
492 58
309 171
726 45
851 585
202 580
471 184
30 147
178 496
271 514
327 233
403 284
763 138
746 241
211 70
585 764
206 676
924 526
456 445
752 505
631 377
538 185
822 82
775 260
188 274
817 675
960 649
843 760
251 942
746 567
586 390
632 802
447 571
597 68
539 835
692 831
770 154
279 40
819 994
376 664
26 438
374 254
699 326
360 656
341 485
513 105
377 374
976 196
390 669
498 334
875 250
710 354
856 496
533 742
505 899
453 330
863 504
720 145
301 470
469 591
148 258
379 411
403 682
461 471
719 447
887 258
999 997
996 990
988 986
982 981
980 979
978 977
976 975
974 973
967 965
962 961
957 955
954 953
952 951
950 947
944 943
941 939
937 936
934 933
931 930
927 926
924 922
920 919
916 915
914 913
909 907
905 903
901 900
894 893
892 891
890 889
885 884
883 882
881 880
873 870
869 865
861 857
856 855
853 852
850 848
847 845
843 840
838 836
835 833
828 826
823 822
820 818
817 816
811 810
809 808
806 800
799 796
795 794
793 792
787 786
784 783
782 779
778 777
776 774
771 769
768 767
766 765
763 761
759 757
756 753
752 749
747 745
742 741
737 736
735 733
732 730
729 728
723 721
720 717
715 714
712 711
709 706
705 703
701 699
694 693
692 689
688 686
682 680
678 677
676 673
672 669
668 667
665 664
661 660
656 653
649 643
642 641
636 635
634 631
630 628
626 625
624 619
618 617
615 614
613 608
607 606
605 603
602 601
599 598
596 595
594 592
591 590
589 588
585 584
582 578
577 573
572 571
568 566
565 564
562 558
557 555
554 553
552 550
549 546
544 542
540 539
538 535
534 532
531 528
524 522
521 520
518 517
513 510
509 508
506 499
498 496
495 492
488 487
486 484
481 480
479 476
474 472
470 464
463 461
460 458
457 455
454 448
444 443
436 434
433 432
430 429
427 424
423 421
420 419
418 417
412 411
410 409
405 404
399 393
392 391
388 386
384 383
380 378
376 375
374 372
371 368
366 362
361 360
359 355
351 349
348 344
342 341
337 336
334 332
331 328
326 322
319 313
311 310
305 304
303 302
300 299
296 295
293 291
290 288
286 285
284 282
281 279
277 276
275 274
271 269
267 257
256 255
253 252
251 250
248 238
234 233
232 231
230 228
227 225
223 222
221 220
219 218
217 216
214 212
208 206
203 200
199 198
197 196
195 193
191 190
189 188
186 185
183 182
176 173
172 167
165 164
162 161
158 154
153 152
145 144
143 139
136 134
133 132
131 127
123 122
121 119
118 117
116 114
112 111
110 107
106 105
104 100
99 98
97 92
91 90
89 88
87 83
81 80
78 77
73 71
69 68
67 66
58 57
54 53
51 50
48 47
46 44
41 38
35 34
30 27
24 20
19 15
13 11
9 8
6 4
