1000
1 0
2 0
3 0
4 0
5 4
6 1
7 2
8 5
9 3
10 8
11 0
12 11
13 5
14 7
15 8
16 14
17 9
18 7
19 6
20 11
21 5
22 5
23 6
24 7
25 7
26 22
27 25
28 0
29 18
30 0
31 10
32 1
33 28
34 7
35 24
36 27
37 9
38 5
39 4
40 31
41 17
42 40
43 0
44 19
45 14
46 33
47 7
48 46
49 25
50 3
51 3
52 40
53 34
54 24
55 26
56 49
57 13
58 0
59 24
60 45
61 6
62 49
63 56
64 5
65 43
66 29
67 6
68 0
69 16
70 55
71 69
72 3
73 16
74 15
75 39
76 54
77 76
78 18
79 56
80 78
81 2
82 2
83 45
84 21
85 69
86 7
87 39
88 34
89 53
90 73
91 22
92 59
93 4
94 62
95 81
96 39
97 57
98 15
99 19
100 1
101 16
102 21
103 4
104 46
105 57
106 57
107 44
108 15
109 35
110 47
111 72
112 99
113 33
114 35
115 73
116 41
117 6
118 4
119 10
120 5
121 117
122 82
123 94
124 85
125 83
126 29
127 14
128 33
129 46
130 101
131 15
132 125
133 8
134 16
135 58
136 109
137 2
138 132
139 95
140 39
141 101
142 78
143 57
144 114
145 82
146 105
147 71
148 33
149 81
150 134
151 115
152 14
153 92
154 71
155 65
156 120
157 9
158 71
159 91
160 145
161 125
162 147
163 71
164 26
165 13
166 41
167 33
168 53
169 29
170 142
171 138
172 86
173 40
174 70
175 134
176 46
177 139
178 36
179 26
180 64
181 34
182 84
183 102
184 161
185 173
186 109
187 119
188 104
189 49
190 49
191 29
192 159
193 169
194 153
195 133
196 81
197 98
198 31
199 148
200 9
201 84
202 131
203 109
204 131
205 52
206 56
207 157
208 202
209 116
210 3
211 127
212 83
213 60
214 123
215 22
216 26
217 55
218 165
219 16
220 28
221 80
222 207
223 9
224 120
225 70
226 186
227 15
228 134
229 126
230 83
231 118
232 4
233 37
234 166
235 175
236 7
237 192
238 151
239 56
240 76
241 36
242 165
243 56
244 242
245 190
246 173
247 171
248 94
249 46
250 126
251 128
252 213
253 230
254 107
255 241
256 203
257 138
258 138
259 162
260 48
261 214
262 75
263 121
264 212
265 79
266 99
267 265
268 194
269 255
270 12
271 42
272 232
273 63
274 5
275 80
276 113
277 16
278 195
279 250
280 223
281 209
282 215
283 221
284 210
285 257
286 116
287 90
288 155
289 203
290 192
291 229
292 124
293 113
294 254
295 281
296 261
297 241
298 1
299 282
300 63
301 94
302 129
303 13
304 192
305 106
306 52
307 32
308 111
309 146
310 49
311 129
312 179
313 291
314 240
315 170
316 64
317 129
318 74
319 296
320 269
321 20
322 25
323 9
324 205
325 11
326 106
327 25
328 113
329 238
330 99
331 11
332 143
333 115
334 101
335 329
336 106
337 161
338 18
339 272
340 337
341 52
342 95
343 241
344 197
345 331
346 230
347 53
348 115
349 310
350 179
351 308
352 315
353 194
354 304
355 227
356 236
357 178
358 151
359 135
360 173
361 157
362 356
363 54
364 166
365 341
366 152
367 222
368 8
369 123
370 326
371 20
372 182
373 231
374 205
375 176
376 313
377 189
378 2
379 25
380 255
381 226
382 297
383 81
384 248
385 299
386 250
387 370
388 345
389 157
390 307
391 217
392 366
393 254
394 283
395 333
396 368
397 218
398 140
399 235
400 256
401 137
402 365
403 14
404 47
405 99
406 315
407 35
408 283
409 130
410 231
411 330
412 39
413 87
414 224
415 128
416 408
417 23
418 105
419 9
420 119
421 397
422 380
423 333
424 127
425 178
426 286
427 204
428 295
429 105
430 403
431 168
432 261
433 397
434 223
435 224
436 160
437 236
438 114
439 401
440 296
441 317
442 204
443 140
444 212
445 33
446 212
447 7
448 367
449 179
450 284
451 249
452 212
453 356
454 77
455 281
456 140
457 5
458 260
459 321
460 302
461 132
462 275
463 18
464 283
465 206
466 275
467 428
468 160
469 336
470 26
471 317
472 266
473 448
474 143
475 78
476 33
477 249
478 379
479 367
480 49
481 369
482 74
483 9
484 17
485 443
486 384
487 307
488 393
489 456
490 154
491 471
492 303
493 403
494 365
495 26
496 214
497 474
498 487
499 403
500 281
501 455
502 181
503 387
504 183
505 138
506 403
507 492
508 255
509 71
510 488
511 442
512 484
513 148
514 242
515 40
516 465
517 89
518 483
519 333
520 122
521 503
522 170
523 74
524 95
525 69
526 455
527 480
528 203
529 171
530 486
531 71
532 436
533 409
534 501
535 283
536 234
537 165
538 146
539 3
540 382
541 218
542 459
543 360
544 7
545 344
546 353
547 59
548 530
549 377
550 0
551 473
552 20
553 284
554 379
555 237
556 194
557 92
558 213
559 27
560 268
561 113
562 448
563 235
564 396
565 134
566 366
567 68
568 447
569 444
570 508
571 226
572 182
573 228
574 100
575 517
576 66
577 224
578 119
579 208
580 288
581 413
582 111
583 3
584 465
585 241
586 107
587 169
588 451
589 28
590 496
591 547
592 575
593 520
594 21
595 328
596 31
597 11
598 235
599 439
600 170
601 408
602 217
603 398
604 178
605 99
606 58
607 138
608 569
609 179
610 493
611 597
612 73
613 173
614 595
615 265
616 263
617 68
618 405
619 423
620 487
621 494
622 563
623 172
624 407
625 528
626 314
627 144
628 569
629 116
630 376
631 420
632 15
633 116
634 393
635 593
636 226
637 354
638 534
639 500
640 351
641 440
642 180
643 310
644 23
645 613
646 470
647 134
648 641
649 27
650 125
651 208
652 614
653 543
654 412
655 85
656 584
657 612
658 23
659 338
660 512
661 585
662 5
663 433
664 75
665 104
666 3
667 351
668 508
669 30
670 296
671 149
672 264
673 35
674 499
675 115
676 575
677 170
678 166
679 277
680 499
681 419
682 535
683 374
684 43
685 149
686 628
687 282
688 358
689 483
690 501
691 554
692 246
693 210
694 196
695 252
696 584
697 453
698 223
699 562
700 550
701 337
702 299
703 154
704 201
705 257
706 661
707 62
708 464
709 254
710 89
711 425
712 289
713 408
714 152
715 323
716 63
717 231
718 355
719 143
720 502
721 423
722 422
723 654
724 32
725 12
726 411
727 524
728 116
729 465
730 208
731 246
732 177
733 509
734 49
735 625
736 116
737 408
738 528
739 725
740 283
741 508
742 605
743 124
744 736
745 245
746 114
747 315
748 529
749 13
750 321
751 225
752 138
753 451
754 711
755 289
756 729
757 625
758 722
759 684
760 698
761 605
762 471
763 70
764 548
765 546
766 634
767 414
768 479
769 586
770 649
771 26
772 412
773 253
774 241
775 461
776 234
777 161
778 418
779 263
780 763
781 403
782 638
783 120
784 488
785 451
786 331
787 260
788 378
789 15
790 563
791 227
792 158
793 632
794 557
795 754
796 692
797 673
798 15
799 271
800 189
801 143
802 405
803 121
804 46
805 339
806 611
807 517
808 317
809 600
810 58
811 462
812 367
813 14
814 775
815 141
816 755
817 288
818 638
819 164
820 215
821 632
822 479
823 50
824 773
825 152
826 120
827 143
828 149
829 176
830 630
831 610
832 322
833 11
834 387
835 236
836 174
837 354
838 687
839 14
840 444
841 498
842 795
843 37
844 697
845 679
846 314
847 121
848 687
849 800
850 19
851 259
852 167
853 246
854 418
855 244
856 225
857 836
858 543
859 442
860 650
861 622
862 340
863 360
864 130
865 715
866 4
867 172
868 560
869 849
870 101
871 622
872 723
873 481
874 664
875 199
876 670
877 573
878 621
879 544
880 576
881 799
882 835
883 565
884 55
885 237
886 56
887 772
888 456
889 533
890 730
891 857
892 460
893 37
894 268
895 77
896 17
897 681
898 625
899 350
900 275
901 828
902 199
903 633
904 718
905 752
906 321
907 580
908 742
909 462
910 896
911 550
912 810
913 249
914 647
915 258
916 742
917 376
918 406
919 494
920 436
921 20
922 409
923 854
924 483
925 477
926 753
927 193
928 643
929 196
930 531
931 507
932 768
933 813
934 123
935 91
936 633
937 465
938 651
939 443
940 901
941 155
942 759
943 102
944 466
945 658
946 654
947 895
948 638
949 219
950 934
951 25
952 899
953 788
954 720
955 529
956 834
957 402
958 550
959 387
960 301
961 301
962 20
963 396
964 18
965 832
966 586
967 220
968 73
969 826
970 471
971 141
972 138
973 284
974 223
975 313
976 810
977 15
978 337
979 254
980 109
981 230
982 10
983 774
984 480
985 779
986 814
987 317
988 634
989 947
990 69
991 122
992 865
993 152
994 257
995 194
996 607
997 421
998 636
999 708
952 809
858 690
225 314
724 835
328 766
314 590
895 791
378 849
823 422
155 677
155 922
731 254
965 202
575 587
41 794
167 705
756 754
381 834
800 133
219 323
207 588
774 587
41 706
170 638
613 723
67 186
752 189
718 937
508 185
482 37
792 675
246 11
784 644
232 525
657 785
663 11
227 156
126 500
299 760
214 590
652 115
511 533
610 124
746 96
339 539
429 567
481 960
508 273
824 267
240 994
289 962
247 201
577 778
993 943
9 893
386 99
410 386
936 899
868 490
259 61
748 805
707 212
152 517
643 990
16 459
473 610
547 198
894 263
331 218
952 359
286 596
393 866
698 476
268 575
28 675
356 645
644 828
497 968
969 79
944 360
213 400
157 491
92 814
608 570
879 728
105 48
927 514
961 535
376 741
599 213
884 76
27 428
784 82
10 248
719 234
663 593
137 838
602 200
224 721
168 893
759 664
200 986
532 741
416 185
91 258
464 105
642 22
387 133
547 918
583 793
100 502
858 137
308 845
778 680
652 46
409 646
463 623
220 529
544 42
654 708
47 641
53 125
783 22
977 559
511 824
228 488
523 986
467 829
670 758
632 426
598 303
192 62
196 268
696 74
751 768
143 26
932 662
343 716
676 641
86 366
914 946
468 748
223 603
664 471
860 864
819 9
707 533
168 188
243 314
367 274
758 412
837 663
816 5
378 51
542 267
110 620
561 742
776 857
998 923
421 113
963 206
250 937
592 812
150 988
95 398
166 29
433 474
110 320
119 123
145 246
626 352
678 815
295 730
599 194
522 679
270 376
694 588
975 735
295 40
420 10
588 891
257 430
764 597
317 791
116 107
977 400
482 748
240 50
521 593
107 692
97 403
250 135
646 510
869 340
944 202
703 190
371 873
827 818
302 489
59 169
469 390
531 202
810 752
266 176
873 594
229 331
382 702
106 18
293 891
478 518
277 105
59 513
450 827
26 861
13 347
456 834
619 403
880 7
455 519
854 122
628 729
699 434
91 588
874 585
814 210
389 296
319 681
341 434
39 288
500 322
295 79
857 625
900 228
991 455
587 434
842 579
825 156
463 901
61 264
943 233
965 758
960 262
82 639
248 972
705 187
455 69
846 834
903 354
31 692
499 798
66 917
729 663
524 720
517 872
783 748
524 916
600 52
618 542
986 503
616 68
26 616
5 937
768 793
136 721
134 40
823 479
632 236
824 579
545 456
473 719
886 965
597 296
800 407
206 578
60 302
994 324
831 636
652 67
696 206
823 459
606 276
753 943
434 122
586 497
243 737
743 950
468 504
799 929
868 467
146 703
202 822
457 74
443 83
510 703
746 391
481 435
722 90
955 829
235 856
86 902
323 600
415 719
262 201
958 214
712 297
226 373
994 658
331 848
224 337
698 158
369 413
71 241
563 172
39 400
616 649
136 812
241 586
786 768
101 206
811 513
77 604
551 925
944 894
531 32
638 148
172 145
139 605
433 731
75 153
186 735
492 498
43 887
956 152
112 629
96 595
191 42
654 323
621 595
375 604
430 862
500 958
269 690
52 288
539 740
408 100
480 406
100 766
419 66
74 206
256 356
427 597
821 213
365 212
920 972
684 559
721 671
222 361
623 911
640 265
818 305
446 226
29 433
723 985
782 313
709 399
403 904
955 550
162 822
631 273
989 18
834 172
192 454
24 82
392 803
345 989
242 278
593 239
261 700
469 503
694 634
114 520
910 652
444 252
794 943
943 790
54 587
766 221
334 80
78 268
59 817
262 878
287 374
621 527
917 35
295 973
303 686
253 317
766 454
89 819
104 607
491 897
481 98
739 192
664 136
148 429
708 415
488 946
404 574
829 213
840 578
412 118
375 211
803 410
133 17
694 821
417 952
318 964
889 122
901 352
466 779
525 591
767 512
533 436
957 905
247 471
634 221
777 47
952 53
934 635
153 225
40 480
368 334
956 197
570 305
441 626
991 701
646 231
329 536
504 137
264 860
86 831
711 521
57 82
686 455
226 939
245 329
250 367
594 510
280 861
152 17
315 969
860 321
932 889
236 914
526 284
207 562
997 458
499 792
936 845
687 326
773 191
725 487
464 855
907 355
207 19
927 112
853 833
269 395
137 848
398 820
594 489
254 384
882 179
42 383
67 204
973 109
706 763
630 222
47 34
23 666
78 594
412 297
949 542
861 328
226 41
866 49
825 684
643 17
199 16
817 370
118 177
324 49
805 211
442 178
562 846
889 367
343 997
401 128
879 349
481 180
867 945
788 101
974 74
664 178
369 227
291 726
891 658
514 173
49 970
495 95
414 438
622 573
255 873
204 753
590 697
925 506
152 121
480 564
405 469
881 230
492 505
588 133
472 26
392 782
492 134
512 425
774 623
521 417
194 322
480 143
630 334
292 246
717 928
131 178
387 804
340 386
804 37
952 292
625 693
309 263
16 609
120 580
526 268
455 950
905 560
244 409
747 910
958 401
455 499
371 432
346 825
989 901
371 96
217 192
787 509
178 472
918 412
627 729
732 121
897 562
91 855
219 580
341 339
999 303
690 819
770 687
66 152
43 547
1 291
252 782
775 196
286 54
147 621
705 738
579 757
693 217
331 640
383 765
135 836
235 639
703 222
955 148
166 899
993 212
583 907
983 363
157 495
800 817
636 915
962 52
465 974
595 445
891 439
853 80
973 154
392 581
570 432
994 347
795 181
653 308
823 218
573 148
296 522
564 67
942 522
268 426
26 722
121 10
193 152
153 343
371 564
968 28
31 669
484 249
149 514
450 847
479 717
843 43
381 810
46 409
395 214
890 211
777 75
592 687
213 504
4 779
273 105
706 537
4 808
311 799
475 440
234 553
564 798
151 107
666 279
473 147
434 546
996 837
865 902
468 736
544 846
309 958
661 657
600 921
615 311
910 40
77 148
980 393
892 97
779 16
652 376
11 46
333 293
924 933
155 21
961 55
851 302
625 567
713 845
307 911
32 839
173 584
557 791
417 408
944 526
189 910
39 777
742 201
345 852
960 62
868 661
27 312
964 307
510 202
209 108
105 448
307 62
914 228
701 293
830 556
155 443
473 568
385 534
972 929
833 724
866 741
584 761
847 87
262 353
645 508
261 288
613 615
502 359
946 122
237 159
601 411
634 555
788 67
938 842
18 903
566 406
635 295
480 313
350 844
165 224
797 327
763 276
993 742
184 910
208 649
836 439
935 835
357 322
109 692
709 409
167 123
794 451
657 361
537 640
703 889
568 579
129 635
215 574
924 183
618 996
747 143
998 455
41 54
229 290
313 884
296 496
972 435
32 339
102 700
680 9
206 395
755 793
944 873
966 755
81 79
169 662
350 792
319 235
898 320
343 414
2 681
487 148
230 836
668 136
558 572
313 608
438 622
713 237
88 708
346 480
677 305
480 775
143 416
875 726
926 549
815 323
565 573
366 346
760 289
924 407
12 164
454 810
483 702
503 579
283 74
89 439
186 586
925 620
233 450
119 878
537 954
512 292
86 132
665 348
743 270
562 723
126 850
332 849
378 896
713 233
719 717
614 910
871 388
209 528
519 971
501 782
56 137
111 606
105 780
509 264
830 823
562 224
78 488
168 410
614 407
450 376
782 402
381 791
869 597
803 376
583 639
867 578
551 385
120 772
329 983
116 16
969 896
633 860
130 523
605 26
804 583
511 694
437 861
818 960
330 209
757 767
11 738
628 86
793 819
63 403
476 658
884 130
117 318
683 856
180 14
279 379
47 973
788 631
640 393
185 939
690 154
812 618
824 784
172 718
74 277
983 543
245 185
496 208
365 220
132 43
265 983
218 947
939 116
741 766
859 811
271 294
168 670
843 893
562 876
183 766
94 122
36 899
959 88
172 288
790 399
127 286
293 872
546 372
509 952
165 248
634 607
358 395
120 864
183 387
61 971
65 914
115 942
660 339
567 274
948 181
475 362
305 248
956 734
963 996
385 205
136 808
833 185
972 560
847 644
452 609
541 841
407 886
178 837
457 180
954 997
741 394
664 425
566 26
162 181
586 893
129 680
84 835
948 373
76 96
424 199
501 410
382 362
715 798
193 476
255 90
738 259
497 693
570 792
817 291
715 704
449 645
275 644
91 213
494 926
514 239
232 20
55 10
268 137
787 870
435 614
476 488
908 408
430 585
476 331
311 357
163 469
22 446
763 69
45 273
258 592
746 647
446 478
18 452
994 434
725 864
130 507
588 418
927 746
499 743
483 580
525 470
604 6
836 607
652 131
771 770
785 345
954 549
821 658
270 853
612 246
154 628
373 206
582 347
8 315
122 607
682 461
151 760
864 248
938 479
229 808
510 605
665 213
461 720
801 793
122 768
661 391
542 696
635 646
110 961
405 706
261 232
568 356
379 95
260 519
362 632
491 763
504 694
288 992
862 126
366 248
820 699
842 655
262 592
814 46
151 653
426 650
49 196
529 252
982 406
69 777
415 687
344 922
854 448
793 190
89 395
375 34
750 256
221 683
917 694
242 787
967 702
20 519
385 473
640 913
189 178
832 681
709 686
729 966
940 904
80 323
99 521
841 324
773 613
132 7
392 248
364 568
297 711
45 461
674 355
474 864
410 55
864 555
953 579
482 565
182 650
441 586
880 182
72 178
221 796
466 856
386 657
48 170
736 843
451 64
271 196
802 965
90 817
25 203
990 970
486 955
680 466
561 193
322 477
455 550
986 617
475 728
280 965
282 428
17 439
121 60
709 786
965 715
313 12
71 460
697 245
602 523
174 75
138 843
544 451
691 575
168 466
267 916
357 513
485 643
241 823
219 725
94 824
615 799
827 179
446 676
589 218
826 794
532 58
586 988
123 506
144 359
515 9
510 33
5 944
446 779
770 550
501 223
289 858
587 820
771 267
658 150
415 548
393 299
277 299
532 48
553 376
937 762
71 187
241 833
517 630
57 223
673 34
828 38
31 909
447 407
639 344
320 742
34 327
780 683
687 242
732 124
254 281
803 749
319 340
174 346
680 96
785 43
642 717
642 182
479 28
748 27
178 150
491 88
58 96
630 269
404 443
342 194
220 271
929 364
889 160
11 350
154 856
59 916
697 332
301 787
226 307
737 469
471 1
447 688
892 778
172 102
514 929
286 279
930 896
545 466
935 74
299 811
752 20
274 790
665 947
424 585
334 175
760 216
427 476
104 546
883 881
338 41
707 97
521 975
409 583
388 315
662 975
458 955
742 896
251 868
448 37
39 13
598 323
61 9
331 108
626 794
115 785
412 739
796 823
337 598
991 681
809 509
651 803
789 68
518 358
538 34
873 575
46 665
471 499
294 243
209 317
577 404
425 831
101 23
857 167
732 577
680 936
674 1
728 642
398 817
487 228
755 598
519 270
585 98
284 707
517 555
618 475
146 349
353 254
898 106
646 124
589 226
863 746
332 541
354 672
523 53
362 701
81 881
80 875
669 316
306 736
750 429
74 385
487 31
558 219
510 256
831 436
744 886
696 899
147 949
437 816
710 38
389 958
137 970
966 365
309 788
916 36
423 916
421 188
86 927
932 696
286 236
735 441
569 737
296 565
138 988
885 767
933 599
332 658
302 706
118 166
76 444
206 582
130 268
495 272
714 905
879 91
358 210
420 879
973 920
786 310
86 143
902 945
491 11
617 261
541 960
932 852
344 561
349 831
123 218
612 721
223 529
588 63
721 879
217 908
326 205
562 345
442 97
707 129
325 352
907 347
258 325
740 953
604 272
796 973
576 394
111 659
50 620
655 153
797 503
897 650
106 398
117 227
115 895
834 85
765 793
387 409
952 800
834 577
45 123
896 459
515 863
670 241
269 980
922 491
867 677
538 95
516 397
614 782
653 677
141 855
512 202
807 937
556 947
82 154
221 400
636 389
480 925
19 432
590 86
676 723
410 702
942 620
472 48
490 664
947 630
170 460
643 743
515 634
752 566
154 545
396 80
21 330
899 836
487 295
414 661
428 181
538 184
514 833
100 668
450 630
451 688
785 428
473 965
589 922
391 770
927 700
405 719
92 87
787 665
574 657
22 795
253 974
538 894
486 118
337 15
446 282
29 511
326 21
176 792
314 335
733 322
487 43
626 22
1 659
781 650
870 906
944 955
299 143
330 1
385 289
403 60
483 814
308 244
310 246
105 398
845 764
668 346
768 548
408 273
553 143
566 908
196 452
159 408
104 130
726 174
493 336
393 431
84 261
924 276
789 643
226 587
178 461
474 805
414 834
26 957
848 786
418 635
226 853
927 407
857 827
738 185
112 734
188 708
749 155
353 131
624 432
375 75
132 775
457 993
307 840
524 181
578 541
989 755
614 767
460 290
209 919
970 342
741 358
763 656
884 965
487 917
793 265
139 467
503 214
390 320
173 844
451 45
866 551
251 160
826 128
828 679
45 713
185 576
152 766
151 462
475 575
482 701
158 450
530 358
601 245
421 791
214 401
594 986
365 674
455 197
292 467
840 409
769 718
85 460
805 905
470 178
351 924
445 624
914 7
849 729
988 177
122 257
588 282
670 639
302 98
495 639
671 451
62 781
432 577
16 566
81 323
555 168
638 234
609 196
283 278
500 309
665 283
210 173
563 140
797 714
135 862
97 382
623 359
784 122
574 975
755 701
940 545
399 911
616 765
164 827
230 573
486 162
692 285
586 249
941 116
863 266
665 439
870 632
121 836
559 419
674 235
697 604
614 737
814 275
289 246
145 772
78 855
373 56
727 510
955 951
435 629
95 866
55 393
16 551
740 467
426 575
552 274
690 65
516 20
693 161
105 508
141 659
920 981
745 649
429 308
968 781
423 411
290 816
703 442
267 896
690 448
325 40
84 168
617 145
963 447
129 342
317 537
789 710
751 211
360 403
540 779
294 279
518 523
516 446
931 629
300 926
135 280
92 355
778 433
706 135
886 901
534 926
696 410
316 456
336 878
148 592
46 599
440 969
547 273
482 905
969 302
983 373
272 271
195 115
391 353
498 223
659 563
304 333
150 28
151 493
239 41
187 29
145 828
315 72
555 144
717 948
949 713
86 674
593 168
806 126
549 668
684 710
844 236
395 711
667 385
904 482
63 537
263 326
976 358
441 439
826 981
348 565
609 65
879 711
622 600
33 766
954 294
93 230
645 717
803 167
540 558
726 666
261 393
589 599
512 177
881 411
332 531
690 254
434 596
54 698
946 106
79 544
457 939
656 477
876 266
788 850
859 984
563 401
964 990
745 899
755 441
988 22
316 823
547 788
437 805
126 919
666 699
862 160
790 31
705 687
378 174
297 604
702 745
147 684
386 476
7 551
743 602
473 246
134 268
690 923
20 664
523 848
82 534
16 921
45 966
717 102
326 733
120 455
650 909
776 150
203 103
318 696
161 934
584 951
981 462
141 217
738 547
149 408
898 41
746 724
31 728
914 948
875 772
636 548
245 706
13 881
601 887
842 683
948 275
726 346
11 380
278 19
344 660
33 914
970 565
260 56
283 55
216 474
905 470
983 575
851 248
380 602
210 787
687 920
127 813
570 147
227 966
276 845
14 959
903 113
759 334
79 155
781 81
681 511
232 512
509 486
343 127
250 102
335 977
637 985
668 624
846 165
663 201
895 596
12 733
785 361
831 249
708 771
267 159
283 519
310 357
514 237
276 835
958 141
647 763
311 658
456 833
876 244
628 346
507 652
462 945
35 40
797 139
776 926
594 636
2 317
704 987
27 631
832 176
339 796
695 494
346 624
247 508
505 707
783 933
445 913
640 815
657 800
805 33
518 111
237 533
586 535
609 5
203 81
500 345
94 494
196 591
497 678
44 372
689 776
483 918
40 320
565 420
30 470
347 485
363 499
49 853
679 919
117 254
358 78
39 35
395 193
281 648
984 520
436 357
735 525
428 937
889 44
537 51
272 478
652 156
850 293
162 833
157 514
880 212
985 858
867 857
871 447
370 70
972 642
179 228
833 846
326 643
699 657
146 50
642 452
482 827
936 497
420 508
71 339
518 386
7 529
909 800
588 461
771 854
216 561
924 509
874 601
677 550
954 619
754 802
103 691
875 420
688 475
850 755
579 640
891 476
653 376
472 4
951 327
480 730
905 736
844 483
341 304
630 631
683 151
926 865
525 872
522 413
254 816
369 1
291 411
820 22
526 345
89 440
891 760
302 464
330 371
678 443
720 472
971 107
521 848
681 83
510 271
203 784
982 211
636 171
205 721
555 515
814 715
524 744
790 805
759 914
327 775
344 360
965 853
826 812
585 850
520 755
207 516
274 987
110 824
976 541
699 550
406 761
50 807
740 305
819 499
681 846
309 599
76 158
385 203
190 712
454 162
447 342
524 506
627 472
655 268
449 882
874 717
520 827
893 427
966 502
335 262
839 119
302 59
585 6
131 505
148 59
57 103
617 975
523 757
719 937
618 54
550 444
653 173
932 290
382 852
298 796
181 376
506 211
123 464
871 737
573 212
568 353
867 851
306 749
652 44
857 197
672 814
307 237
618 795
802 928
423 119
156 873
823 215
97 960
927 740
192 721
225 262
277 688
113 525
355 121
500 923
154 756
575 846
77 765
601 9
508 593
414 810
337 565
578 398
776 721
190 713
199 642
33 202
400 157
198 474
864 454
806 85
205 576
570 9
0 704
168 659
284 930
999 402
259 269
888 723
748 706
75 123
122 423
307 915
972 187
447 909
452 250
30 765
967 351
142 331
608 625
593 389
201 646
957 890
375 445
823 41
976 432
627 207
60 990
490 871
533 454
616 531
981 319
232 801
163 213
495 698
89 861
306 860
652 602
933 774
849 864
954 523
97 38
985 56
977 577
714 352
696 307
708 568
229 82
345 404
149 580
896 983
118 704
238 82
3 8
83 76
69 524
909 647
34 360
915 579
524 333
359 188
544 732
496 983
410 198
507 74
746 858
78 648
477 878
170 828
306 878
338 77
534 43
884 728
511 282
578 884
210 117
333 926
306 967
400 396
470 321
756 655
173 954
445 73
584 403
872 270
276 48
999 998
995 993
990 989
987 985
984 983
982 981
980 979
978 977
973 966
962 960
959 958
953 950
946 940
939 938
936 935
933 930
929 928
925 924
922 921
920 917
914 913
912 910
896 895
892 891
890 889
887 886
884 882
879 877
875 873
872 871
869 868
864 862
859 856
855 854
853 844
843 842
841 839
834 833
831 830
828 824
823 822
820 817
816 814
813 812
810 809
807 806
803 801
799 797
795 793
787 786
785 782
781 780
779 778
777 774
772 771
770 768
767 766
764 761
759 751
750 748
747 744
741 739
735 734
732 731
729 725
723 721
720 719
718 717
713 712
709 707
706 705
704 703
696 694
693 691
690 688
685 681
680 679
675 673
672 671
669 666
664 660
658 656
655 654
652 651
650 649
648 647
646 645
644 639
638 632
631 630
626 624
623 621
620 619
618 617
613 606
604 599
598 595
594 591
590 589
587 586
584 582
579 578
577 576
575 574
573 571
570 568
565 564
563 562
561 557
556 555
548 546
545 544
542 540
539 538
537 533
530 529
526 525
524 523
522 521
519 517
516 515
514 511
508 507
506 504
503 502
496 492
491 489
488 485
484 483
479 477
476 475
474 473
472 470
466 463
461 459
458 457
456 455
454 450
449 448
443 440
438 435
432 429
428 426
425 424
423 422
421 420
418 416
415 414
410 408
404 403
400 396
394 392
391 390
389 388
386 385
384 383
379 376
374 372
369 368
367 365
364 363
362 360
358 354
353 352
351 350
348 346
345 344
342 341
340 329
327 323
322 319
314 311
307 303
296 294
292 290
286 284
283 282
279 276
275 273
271 269
267 266
264 261
260 259
258 256
252 251
249 246
245 244
241 238
232 231
228 227
222 221
220 217
215 213
211 209
207 205
204 203
202 201
200 197
195 192
191 188
187 186
184 183
180 177
175 173
172 170
169 168
166 165
163 162
159 158
156 155
151 149
148 147
145 143
142 141
140 139
137 135
134 132
131 128
125 123
122 120
118 116
114 110
109 108
107 102
98 96
95 94
90 86
83 82
79 77
74 71
70 69
68 66
65 63
62 61
59 56
55 53
52 51
49 48
47 46
45 44
42 41
39 37
36 33
29 24
22 21
20 19
16 15
8 5
