1000
1 0
2 0
3 1
4 1
5 4
6 2
7 1
8 4
9 8
10 7
11 6
12 0
13 12
14 3
15 2
16 6
17 9
18 4
19 12
20 18
21 9
22 8
23 14
24 13
25 17
26 8
27 8
28 22
29 17
30 5
31 11
32 29
33 25
34 3
35 1
36 14
37 19
38 36
39 31
40 22
41 2
42 35
43 17
44 41
45 2
46 0
47 41
48 45
49 29
50 1
51 10
52 38
53 41
54 53
55 4
56 15
57 34
58 42
59 41
60 14
61 60
62 43
63 62
64 7
65 23
66 54
67 41
68 64
69 10
70 31
71 41
72 70
73 10
74 4
75 39
76 48
77 62
78 18
79 75
80 57
81 63
82 13
83 72
84 38
85 74
86 22
87 59
88 58
89 37
90 49
91 29
92 70
93 1
94 38
95 1
96 10
97 76
98 76
99 59
100 27
101 24
102 25
103 88
104 10
105 85
106 17
107 78
108 54
109 95
110 53
111 72
112 86
113 38
114 72
115 94
116 42
117 27
118 31
119 19
120 60
121 96
122 23
123 103
124 10
125 84
126 10
127 26
128 38
129 105
130 81
131 78
132 4
133 13
134 116
135 104
136 87
137 87
138 136
139 72
140 126
141 127
142 59
143 140
144 25
145 129
146 85
147 67
148 125
149 13
150 90
151 116
152 72
153 66
154 134
155 42
156 100
157 123
158 83
159 108
160 92
161 146
162 16
163 108
164 103
165 67
166 128
167 157
168 55
169 93
170 4
171 85
172 78
173 60
174 106
175 33
176 101
177 58
178 21
179 6
180 148
181 145
182 8
183 128
184 90
185 143
186 80
187 149
188 42
189 74
190 165
191 163
192 152
193 127
194 166
195 146
196 7
197 146
198 4
199 121
200 152
201 52
202 194
203 125
204 119
205 86
206 26
207 114
208 14
209 200
210 116
211 16
212 63
213 207
214 31
215 191
216 87
217 168
218 180
219 137
220 89
221 137
222 91
223 128
224 187
225 192
226 220
227 23
228 205
229 156
230 94
231 77
232 189
233 24
234 223
235 17
236 104
237 98
238 76
239 14
240 168
241 138
242 99
243 211
244 201
245 157
246 201
247 66
248 193
249 11
250 100
251 54
252 224
253 117
254 157
255 186
256 144
257 255
258 153
259 142
260 217
261 189
262 22
263 149
264 250
265 56
266 116
267 100
268 63
269 20
270 12
271 269
272 167
273 137
274 257
275 226
276 127
277 45
278 138
279 107
280 94
281 277
282 81
283 177
284 108
285 129
286 57
287 192
288 262
289 258
290 38
291 278
292 54
293 20
294 230
295 5
296 275
297 11
298 138
299 259
300 285
301 101
302 210
303 6
304 47
305 103
306 131
307 127
308 169
309 174
310 286
311 10
312 120
313 277
314 298
315 286
316 5
317 78
318 185
319 316
320 215
321 20
322 226
323 199
324 77
325 167
326 107
327 297
328 148
329 237
330 31
331 305
332 185
333 123
334 211
335 186
336 324
337 293
338 308
339 275
340 94
341 303
342 222
343 26
344 77
345 294
346 42
347 119
348 30
349 311
350 253
351 96
352 222
353 331
354 177
355 193
356 290
357 115
358 55
359 195
360 346
361 223
362 24
363 256
364 101
365 180
366 172
367 7
368 219
369 76
370 335
371 334
372 339
373 331
374 158
375 154
376 120
377 291
378 180
379 366
380 236
381 33
382 280
383 273
384 273
385 374
386 296
387 74
388 324
389 50
390 24
391 138
392 7
393 339
394 80
395 93
396 370
397 147
398 269
399 336
400 199
401 272
402 222
403 202
404 96
405 96
406 126
407 365
408 397
409 127
410 242
411 107
412 374
413 314
414 18
415 396
416 67
417 207
418 80
419 395
420 96
421 119
422 198
423 211
424 337
425 394
426 385
427 159
428 47
429 105
430 47
431 54
432 188
433 384
434 8
435 219
436 80
437 176
438 200
439 287
440 225
441 388
442 353
443 195
444 150
445 191
446 221
447 275
448 264
449 154
450 303
451 193
452 330
453 67
454 31
455 350
456 51
457 99
458 265
459 139
460 66
461 192
462 306
463 310
464 382
465 446
466 134
467 83
468 452
469 258
470 68
471 372
472 430
473 108
474 318
475 347
476 86
477 16
478 221
479 314
480 244
481 257
482 268
483 289
484 377
485 150
486 372
487 441
488 73
489 229
490 349
491 216
492 196
493 316
494 430
495 27
496 65
497 67
498 267
499 42
500 211
501 483
502 234
503 224
504 418
505 174
506 376
507 40
508 78
509 274
510 148
511 490
512 310
513 348
514 394
515 141
516 206
517 494
518 308
519 396
520 351
521 29
522 283
523 310
524 240
525 68
526 300
527 381
528 490
529 290
530 114
531 14
532 442
533 457
534 429
535 404
536 96
537 218
538 398
539 465
540 524
541 355
542 152
543 436
544 338
545 205
546 240
547 103
548 40
549 150
550 29
551 388
552 378
553 168
554 500
555 351
556 279
557 491
558 80
559 556
560 123
561 337
562 273
563 368
564 317
565 226
566 119
567 339
568 468
569 500
570 282
571 333
572 293
573 64
574 542
575 403
576 172
577 517
578 367
579 235
580 140
581 53
582 440
583 163
584 140
585 436
586 389
587 364
588 397
589 59
590 463
591 266
592 378
593 383
594 151
595 510
596 252
597 286
598 306
599 529
600 266
601 543
602 249
603 21
604 364
605 278
606 24
607 492
608 28
609 108
610 572
611 29
612 214
613 255
614 563
615 58
616 555
617 84
618 364
619 510
620 393
621 198
622 302
623 106
624 458
625 427
626 143
627 243
628 82
629 370
630 407
631 162
632 566
633 428
634 568
635 429
636 551
637 159
638 466
639 621
640 280
641 619
642 600
643 572
644 490
645 524
646 241
647 269
648 314
649 465
650 628
651 392
652 148
653 230
654 270
655 369
656 127
657 437
658 410
659 25
660 460
661 603
662 485
663 90
664 549
665 270
666 176
667 503
668 11
669 242
670 341
671 394
672 276
673 242
674 63
675 64
676 35
677 453
678 400
679 296
680 669
681 218
682 55
683 409
684 78
685 289
686 302
687 532
688 77
689 171
690 423
691 387
692 293
693 478
694 664
695 534
696 625
697 117
698 556
699 317
700 568
701 55
702 190
703 581
704 386
705 166
706 212
707 599
708 390
709 512
710 651
711 485
712 272
713 307
714 547
715 449
716 686
717 235
718 666
719 471
720 488
721 546
722 703
723 540
724 679
725 132
726 695
727 509
728 376
729 212
730 652
731 646
732 165
733 680
734 99
735 601
736 535
737 413
738 588
739 268
740 542
741 637
742 227
743 210
744 480
745 525
746 251
747 589
748 597
749 190
750 103
751 550
752 149
753 718
754 188
755 303
756 355
757 344
758 486
759 725
760 101
761 592
762 727
763 194
764 727
765 233
766 293
767 588
768 136
769 86
770 376
771 161
772 100
773 591
774 537
775 341
776 543
777 723
778 624
779 675
780 215
781 263
782 747
783 46
784 327
785 187
786 65
787 485
788 648
789 770
790 261
791 692
792 556
793 485
794 60
795 585
796 761
797 753
798 120
799 372
800 328
801 594
802 739
803 737
804 196
805 719
806 400
807 720
808 83
809 779
810 238
811 796
812 107
813 791
814 706
815 34
816 81
817 790
818 103
819 390
820 536
821 752
822 613
823 707
824 529
825 305
826 612
827 609
828 688
829 218
830 614
831 77
832 458
833 335
834 571
835 753
836 770
837 717
838 778
839 630
840 215
841 565
842 736
843 452
844 698
845 545
846 708
847 660
848 409
849 491
850 757
851 338
852 352
853 427
854 672
855 694
856 657
857 181
858 388
859 827
860 316
861 266
862 790
863 394
864 613
865 251
866 767
867 110
868 593
869 70
870 822
871 522
872 830
873 165
874 631
875 742
876 576
877 628
878 144
879 600
880 130
881 285
882 324
883 303
884 83
885 463
886 747
887 39
888 222
889 722
890 874
891 638
892 561
893 493
894 744
895 573
896 746
897 216
898 696
899 778
900 469
901 71
902 458
903 150
904 199
905 276
906 290
907 712
908 748
909 805
910 186
911 276
912 209
913 265
914 648
915 639
916 386
917 171
918 177
919 94
920 326
921 520
922 321
923 759
924 886
925 848
926 345
927 4
928 270
929 164
930 407
931 495
932 764
933 255
934 478
935 87
936 67
937 571
938 404
939 486
940 199
941 556
942 199
943 909
944 824
945 623
946 596
947 734
948 137
949 177
950 598
951 64
952 28
953 37
954 659
955 794
956 840
957 108
958 662
959 375
960 774
961 527
962 947
963 624
964 200
965 39
966 704
967 252
968 775
969 682
970 796
971 412
972 553
973 39
974 688
975 389
976 461
977 380
978 45
979 479
980 671
981 946
982 284
983 902
984 340
985 476
986 210
987 539
988 350
989 565
990 835
991 729
992 388
993 381
994 726
995 893
996 974
997 69
998 744
999 5
712 744
66 986
325 41
920 531
915 495
274 936
761 517
364 984
882 626
332 497
693 952
338 889
622 590
103 994
493 661
419 836
185 71
159 517
424 515
156 619
229 621
262 938
479 707
440 881
786 667
221 999
613 448
704 251
511 987
257 761
30 165
397 984
550 426
672 688
186 714
498 625
978 474
883 110
393 423
572 345
257 546
564 816
869 543
755 621
875 648
863 35
525 158
808 996
907 431
66 295
526 299
55 367
859 424
526 391
202 766
380 506
753 357
709 687
954 626
399 233
231 81
780 916
509 892
42 875
68 17
648 639
705 465
207 490
469 757
114 946
286 131
812 617
128 495
685 352
648 533
144 116
501 98
908 217
283 770
389 771
133 163
942 547
446 929
438 638
949 451
252 610
643 915
896 673
225 803
263 424
770 107
274 713
155 151
892 77
187 884
118 534
635 499
953 87
307 926
119 111
589 120
711 330
587 42
891 552
184 383
168 930
93 856
153 790
195 268
263 484
720 399
857 424
984 716
668 976
297 629
984 640
859 863
623 209
698 194
891 200
34 662
858 802
957 122
864 605
387 45
186 898
703 735
410 487
490 626
628 321
351 466
436 70
554 739
889 696
350 634
633 244
460 925
510 466
997 891
854 942
232 708
524 471
221 589
268 736
28 62
983 208
678 973
790 346
769 709
544 420
38 446
667 836
912 773
947 454
746 692
617 115
997 805
890 996
46 615
130 692
369 395
22 667
780 929
180 119
505 291
863 52
193 555
522 380
618 784
24 186
405 540
38 72
30 569
318 1
385 137
553 953
213 541
368 696
864 517
126 93
23 911
125 687
768 274
572 15
78 386
274 809
112 126
619 162
671 212
12 707
417 831
843 99
791 255
352 19
703 439
210 226
655 715
879 9
695 672
212 305
497 573
85 72
696 327
346 883
554 883
591 117
996 613
278 190
536 981
466 143
789 993
267 745
52 829
777 29
346 390
670 246
543 263
5 923
425 539
153 272
845 73
212 188
956 502
325 414
294 636
172 864
102 391
669 246
314 200
590 248
741 867
335 530
970 259
629 205
255 830
763 518
428 547
774 660
615 815
356 183
53 495
312 612
654 23
908 61
470 545
187 685
852 234
425 241
457 166
234 458
230 67
700 999
10 923
931 280
47 308
335 589
448 362
19 564
489 603
476 946
355 83
204 976
954 286
794 215
941 971
48 815
730 144
505 912
299 559
885 636
793 56
754 12
43 489
448 966
459 225
177 872
253 426
140 287
317 84
645 776
884 350
690 647
631 175
236 910
500 10
880 957
513 953
433 904
971 369
964 622
640 995
976 197
177 962
744 747
288 24
734 784
978 571
181 551
440 221
595 619
768 33
185 238
251 681
569 445
219 93
675 287
691 685
500 580
131 40
411 251
830 485
673 819
121 894
301 251
923 909
33 701
636 759
580 509
3 733
869 63
759 529
176 78
394 45
617 225
437 239
986 121
348 304
530 509
912 740
165 134
586 821
482 910
803 928
357 771
245 849
896 546
380 897
647 989
611 40
462 203
225 545
607 822
14 515
576 944
322 541
251 311
666 516
545 72
511 270
116 72
488 667
174 146
151 700
71 402
302 598
855 504
252 424
753 513
527 895
295 727
543 147
592 376
85 962
843 164
575 898
918 711
913 84
95 799
793 28
535 168
542 125
918 123
734 497
919 973
995 430
153 859
841 916
639 587
716 679
232 570
149 322
101 722
54 12
985 257
745 107
712 946
822 551
404 777
37 8
205 732
825 842
940 518
137 174
405 245
336 661
503 395
31 485
330 129
476 862
403 695
434 142
758 897
724 216
297 796
583 12
273 662
307 280
620 122
237 307
570 379
404 202
896 400
102 476
562 590
479 376
373 235
238 782
366 894
387 587
874 85
776 870
387 70
268 447
52 78
326 344
522 536
484 275
662 518
655 858
3 587
386 798
81 137
760 663
723 533
864 131
83 64
118 978
968 313
255 749
473 446
128 734
633 402
363 35
599 128
303 733
256 133
202 765
875 884
574 981
473 139
278 420
135 642
676 891
290 36
64 325
790 630
190 508
195 76
429 126
188 339
320 367
453 505
506 543
576 176
163 116
564 434
257 386
228 743
413 511
695 73
964 364
288 648
750 397
220 890
662 289
476 698
182 444
766 81
639 538
628 514
746 551
225 663
822 610
139 546
214 312
554 630
486 28
451 619
738 300
633 104
587 599
265 882
823 794
760 947
844 266
563 566
457 339
651 263
32 575
259 191
4 43
175 165
427 163
235 337
56 558
917 673
656 140
64 166
78 803
477 297
181 537
488 663
986 804
357 940
388 957
134 68
857 60
58 428
302 540
331 86
282 191
563 899
876 579
615 372
851 665
383 821
760 602
290 254
893 532
877 769
376 634
914 662
87 213
771 956
951 479
949 834
681 145
327 844
682 373
589 961
13 429
605 753
919 514
413 60
678 265
183 590
167 704
931 182
539 198
167 446
421 464
253 533
642 791
137 239
62 695
134 302
871 907
476 530
456 820
16 212
444 281
543 656
813 551
168 424
912 497
230 238
879 252
30 746
947 257
19 721
915 413
181 542
503 154
904 291
132 640
508 542
521 35
375 670
605 856
228 428
466 712
554 639
820 454
830 611
321 447
678 549
956 775
700 857
258 159
51 324
824 148
528 670
615 364
880 335
398 42
554 458
554 81
33 966
843 476
329 249
614 348
819 968
627 643
422 50
34 885
772 210
55 934
974 35
439 966
13 422
294 585
942 414
119 36
513 693
767 186
439 343
822 684
941 116
611 966
145 268
274 582
104 602
37 352
609 483
245 477
746 616
827 75
357 774
215 693
750 855
684 194
492 938
134 251
225 117
993 166
280 474
775 616
522 640
821 871
629 88
852 910
274 272
167 553
841 317
61 448
467 137
285 377
924 700
577 54
715 726
657 701
583 834
308 822
55 143
173 439
990 64
40 332
122 747
464 738
200 343
702 778
341 470
136 931
147 562
803 984
886 436
758 889
730 495
830 517
827 171
743 812
568 646
878 467
493 197
24 481
452 128
765 894
88 363
791 948
869 832
649 613
823 834
270 507
621 189
888 943
506 425
65 410
624 830
977 559
217 545
852 329
155 532
135 160
15 939
591 839
983 138
14 345
137 877
772 786
773 936
726 426
943 773
605 892
633 739
981 85
32 219
272 855
552 790
543 605
623 115
724 929
844 197
887 921
866 952
851 49
732 508
644 329
591 546
992 391
830 83
871 856
134 0
144 151
239 572
849 432
652 894
666 838
543 299
967 984
924 560
809 515
992 293
592 705
125 924
486 687
237 1
370 268
121 692
984 317
309 753
58 853
489 521
949 738
206 441
731 171
651 840
80 821
924 31
235 933
254 497
435 815
873 57
3 701
2 202
676 356
300 513
373 345
899 848
657 696
981 764
870 388
396 13
501 507
564 598
227 641
662 186
979 437
455 511
309 120
808 911
159 713
746 208
935 150
758 221
138 302
310 686
452 913
243 315
996 0
604 846
283 785
448 21
626 691
505 791
765 8
661 518
455 568
354 562
243 930
885 351
612 262
702 245
642 957
244 493
457 738
49 11
752 306
577 30
187 238
725 541
398 970
686 812
734 717
8 172
557 529
333 40
178 749
258 235
139 773
218 911
992 19
77 473
477 775
469 848
476 658
181 869
220 904
207 692
26 732
832 32
154 181
673 548
74 254
821 558
587 988
930 750
125 0
518 268
559 196
488 472
175 682
55 283
652 200
659 523
485 240
149 324
910 585
790 7
987 496
647 182
479 870
308 533
527 528
576 630
741 242
306 732
318 955
817 613
503 500
132 966
503 97
955 177
800 752
276 82
752 591
387 47
903 474
681 29
876 449
487 23
664 672
383 930
910 897
15 996
494 828
564 930
5 678
695 57
683 39
462 428
312 53
929 676
451 679
199 822
153 596
742 517
271 1
947 481
36 353
179 120
605 726
239 240
190 566
621 54
74 522
57 105
840 296
240 544
490 288
364 10
866 195
489 364
532 151
306 876
530 343
913 997
768 543
466 227
557 998
954 910
770 996
537 508
426 763
49 215
958 474
962 341
812 899
420 558
723 838
296 705
590 887
644 111
747 643
184 345
222 576
17 956
118 474
586 626
4 889
922 389
44 960
951 285
402 649
740 385
906 915
89 346
459 85
880 218
593 157
447 164
237 641
447 437
396 15
32 279
361 408
575 839
295 111
221 541
87 351
93 544
827 202
889 972
941 470
817 875
582 457
234 856
679 70
455 716
701 128
399 335
317 203
514 168
420 930
505 280
913 258
777 968
498 446
268 83
872 100
700 885
32 436
668 299
254 977
350 749
552 688
490 614
828 918
642 516
343 150
887 939
460 511
334 684
437 179
685 586
360 508
349 421
1 970
387 415
848 24
278 444
807 540
295 415
179 116
632 440
132 46
379 34
802 784
840 256
798 999
298 175
986 515
862 470
358 134
785 514
768 749
6 158
943 967
921 440
396 491
114 87
646 639
457 120
736 51
794 440
121 147
413 948
472 355
662 140
250 901
772 86
170 158
543 390
139 734
555 571
885 438
980 789
57 212
844 298
851 682
16 953
99 765
124 870
968 977
758 755
290 178
214 247
58 21
240 192
528 109
994 517
505 49
656 414
867 978
610 989
566 835
375 101
584 145
585 232
445 538
844 159
922 610
724 291
108 984
778 185
666 399
362 905
460 808
349 783
126 301
862 306
317 176
874 995
100 354
473 360
411 936
724 701
725 496
602 172
493 905
747 707
348 472
344 828
874 479
236 323
583 880
275 880
580 23
686 852
594 757
256 744
742 681
913 128
496 713
300 55
863 878
598 45
948 845
494 715
399 754
403 366
497 327
943 986
111 579
782 486
807 421
10 293
771 367
471 925
207 680
214 664
112 34
640 80
371 994
584 832
583 205
374 221
913 759
404 347
434 159
158 404
119 255
923 659
196 208
170 447
853 570
587 523
587 120
124 138
560 290
564 711
439 420
912 587
67 836
631 496
10 185
659 378
13 383
47 973
15 990
136 850
423 746
633 299
716 646
903 141
717 162
901 78
770 371
301 452
898 817
564 797
833 564
857 356
78 7
514 257
695 847
706 874
753 21
339 205
400 791
884 552
190 877
895 879
828 150
834 812
235 603
655 381
421 659
770 935
973 462
575 993
944 878
646 659
558 567
972 741
33 350
815 196
569 903
429 583
417 233
554 152
545 901
780 750
633 540
532 246
415 94
292 138
614 102
519 530
707 810
217 143
189 577
405 951
296 134
581 818
45 633
545 283
418 788
935 578
417 514
707 350
760 931
155 368
901 621
946 810
908 397
287 822
334 627
529 188
223 147
425 275
285 408
252 129
88 171
468 950
154 889
258 26
972 946
193 630
330 638
490 88
340 794
440 920
506 792
831 255
316 581
238 832
123 771
102 150
751 223
94 37
622 21
357 325
766 743
123 233
327 989
131 678
760 598
425 903
20 876
780 133
177 237
121 947
933 846
460 839
445 787
635 853
51 50
544 102
323 437
443 533
642 517
146 242
492 132
254 704
136 171
156 529
210 602
196 449
134 894
177 615
484 36
701 912
716 164
249 406
526 777
950 510
998 212
851 135
891 632
619 422
411 633
530 871
293 854
420 710
10 261
994 91
472 989
345 859
453 383
673 883
532 286
712 944
647 469
640 674
994 375
516 327
815 250
658 779
148 229
356 981
277 856
609 381
390 411
660 354
962 263
918 552
753 760
221 830
345 708
727 374
156 853
396 493
562 146
792 562
883 420
578 235
155 516
365 547
138 962
96 625
655 488
467 642
224 733
376 989
689 5
100 511
655 837
529 261
679 397
497 783
807 542
33 869
953 723
760 616
752 741
570 875
72 326
557 291
334 990
927 321
225 300
770 361
276 788
349 571
178 175
921 670
532 88
965 444
225 635
358 905
243 552
454 821
842 605
151 529
399 66
685 958
111 749
133 649
802 501
150 226
863 12
91 948
358 630
873 767
321 46
587 993
944 856
944 619
616 681
558 303
487 370
325 304
710 412
322 378
547 749
278 224
250 928
203 340
56 323
435 696
204 722
388 628
234 497
612 625
197 222
708 730
737 469
244 322
978 85
540 688
204 919
858 823
312 679
933 962
879 460
517 717
550 721
884 766
478 62
93 602
55 448
856 917
633 421
887 713
791 468
760 463
744 888
487 924
795 446
910 738
910 468
100 120
363 329
720 892
936 667
201 300
154 188
860 244
885 782
72 393
58 69
161 892
381 540
335 834
609 655
338 593
459 663
52 701
144 333
771 585
532 486
522 49
336 868
76 811
735 325
444 510
533 556
451 370
772 278
639 103
725 63
836 74
920 43
937 386
703 960
650 497
301 528
910 806
678 197
892 455
587 709
143 59
310 789
3 245
700 482
946 629
19 26
488 753
497 937
199 345
478 56
160 152
808 640
583 622
393 76
457 282
231 171
669 981
8 653
36 778
983 253
638 305
407 917
811 59
803 600
378 343
120 24
785 987
16 743
234 967
644 435
167 907
501 867
26 376
751 862
211 476
514 99
966 527
734 138
56 827
978 1
590 352
545 659
722 565
538 244
451 475
915 367
232 475
657 936
577 32
679 869
267 591
648 967
661 179
250 231
659 45
785 379
743 24
837 695
758 90
562 272
974 495
698 533
770 584
497 166
256 425
764 262
128 751
782 869
473 192
89 574
969 557
246 472
72 914
961 583
530 743
171 314
551 655
381 151
969 229
767 379
650 846
698 94
999 161
864 794
452 99
550 996
357 16
354 804
359 564
751 399
89 607
811 804
346 38
401 683
904 862
247 520
738 428
790 999
979 120
33 674
692 120
749 54
316 849
100 940
518 440
941 523
495 534
547 514
59 386
592 627
123 376
503 963
805 815
579 63
617 464
494 472
291 579
250 439
401 956
638 907
114 922
518 903
313 80
962 913
710 733
920 125
951 726
760 272
704 83
813 768
572 382
459 737
886 95
577 946
937 237
101 486
952 24
838 631
538 490
410 13
206 892
940 675
615 412
409 930
293 379
904 935
496 853
140 680
761 586
911 573
438 257
636 593
754 628
889 919
727 159
447 81
857 18
696 491
744 782
788 22
881 500
872 97
394 57
404 962
56 966
758 282
39 811
488 471
589 115
827 275
907 683
815 657
849 261
56 599
149 433
430 335
192 666
881 728
605 702
719 298
783 904
940 735
221 560
421 404
309 729
329 727
339 91
508 322
619 367
369 653
515 304
835 418
982 121
376 938
438 81
931 941
9 219
548 151
79 802
662 221
29 106
381 711
409 306
58 416
3 389
669 600
316 463
382 299
534 861
936 826
848 45
562 167
20 37
738 373
710 151
304 798
867 658
653 247
380 260
975 30
222 979
506 4
519 827
92 620
102 369
140 467
583 950
896 634
643 936
163 535
848 386
575 410
826 764
780 723
613 717
613 673
238 668
963 988
392 276
929 778
618 587
24 929
755 869
89 153
865 752
88 168
158 86
829 413
990 135
546 506
208 132
63 334
356 126
980 311
919 917
570 796
230 372
486 833
933 498
779 540
354 180
179 452
90 453
610 113
351 119
607 166
582 843
383 107
665 133
248 799
141 19
743 3
842 276
814 690
522 669
622 700
544 863
860 818
351 644
851 195
596 88
927 893
409 460
713 360
806 493
484 212
310 955
226 618
707 14
843 0
639 227
276 166
121 12
152 926
144 174
374 633
919 788
22 363
405 441
753 544
232 258
812 953
773 81
424 935
206 198
210 432
640 712
114 230
416 9
338 165
2 568
573 61
174 112
361 93
839 974
50 457
313 480
685 226
487 888
557 220
414 944
510 61
857 823
388 56
521 721
382 257
337 973
69 260
108 480
267 30
603 272
322 245
463 395
922 892
367 709
749 750
111 151
619 419
637 245
870 488
865 192
745 473
632 522
442 138
573 249
712 35
557 362
83 249
685 367
991 425
306 483
692 32
893 241
422 566
681 805
755 41
202 58
702 30
212 611
880 170
669 693
21 942
488 33
826 641
863 528
57 751
620 302
262 384
908 449
826 787
497 235
505 817
890 219
698 518
353 107
266 105
744 722
886 461
49 792
675 81
777 290
395 882
569 36
7 48
289 99
3 13
448 453
835 2
628 647
624 564
378 662
534 307
611 810
53 4
844 220
770 340
616 961
746 428
196 950
755 557
782 731
566 57
923 68
236 16
668 858
188 404
44 177
159 180
97 482
328 405
252 633
539 831
806 417
921 683
297 307
405 635
449 149
967 977
37 847
114 937
198 705
83 707
962 368
104 176
53 327
539 822
110 954
346 806
289 230
349 755
526 708
179 989
837 269
72 19
219 447
799 575
542 182
368 700
554 910
319 474
981 244
225 274
717 380
27 757
924 316
337 326
285 368
991 168
998 759
783 754
625 227
368 304
297 374
544 611
798 615
494 8
532 412
942 901
294 66
562 191
931 815
401 234
42 313
62 192
96 607
64 779
83 157
505 349
113 245
470 484
162 776
450 804
687 141
823 740
989 552
706 666
354 68
834 554
435 899
877 25
559 889
366 449
516 265
702 205
180 975
862 940
571 373
7 26
920 545
623 394
870 803
393 432
837 709
519 210
506 579
726 863
416 225
469 464
305 140
859 27
349 145
173 198
309 433
17 224
581 238
507 115
356 799
977 990
441 103
804 335
132 324
86 93
117 268
362 548
421 601
332 498
960 461
510 638
20 681
828 736
664 423
134 763
212 983
439 663
289 710
862 372
300 587
337 961
660 580
944 385
741 141
269 279
257 984
238 329
475 984
188 311
39 127
132 303
105 912
64 433
608 87
401 765
927 580
74 125
600 366
660 540
357 236
746 918
557 191
672 849
903 315
949 769
533 660
706 122
784 869
142 438
84 820
623 390
992 666
303 757
789 126
65 632
489 961
190 698
62 348
49 28
83 989
267 578
415 145
795 704
637 163
270 219
881 987
839 276
861 666
571 591
472 401
211 610
860 241
663 305
993 992
991 989
988 987
984 983
980 978
975 974
971 969
968 964
963 959
958 957
954 953
951 950
949 948
947 946
945 943
940 939
937 933
932 931
929 928
926 925
924 922
921 919
917 916
914 911
910 909
908 904
903 900
899 896
895 893
892 889
887 886
885 881
880 879
877 876
873 871
870 867
866 865
863 861
858 857
854 852
848 847
845 844
841 840
837 836
835 834
833 832
830 829
826 824
821 819
818 817
815 813
812 811
809 808
806 805
803 802
801 799
798 796
795 794
793 790
789 788
787 786
785 784
783 782
781 779
778 775
772 771
770 767
766 764
762 761
758 756
755 754
753 752
749 747
744 736
733 732
731 729
727 726
725 724
719 717
711 707
706 705
704 703
700 699
697 695
693 691
690 687
686 683
682 678
677 675
674 673
671 670
669 668
666 665
664 663
662 661
660 659
650 644
643 642
640 639
638 636
635 632
631 630
629 624
621 617
614 613
612 611
610 609
607 606
605 603
601 599
594 593
592 590
589 588
586 583
581 575
574 572
569 566
564 562
559 557
551 550
549 547
546 541
538 533
529 527
526 525
522 520
518 514
513 511
509 508
505 503
501 500
498 497
491 486
481 479
478 474
473 471
469 468
467 466
464 459
457 455
449 442
441 440
437 435
433 430
426 423
422 419
417 415
414 413
412 411
408 405
400 397
396 392
390 388
387 386
385 384
382 380
378 377
376 375
374 372
371 367
365 364
363 362
356 355
354 347
345 342
341 340
337 330
329 328
326 325
324 322
315 313
312 311
310 309
307 306
305 303
301 299
298 297
295 294
293 291
290 289
287 286
285 282
280 274
273 272
270 268
263 261
260 255
253 251
250 248
246 245
243 241
240 239
237 233
229 228
223 219
217 215
214 213
211 210
209 208
206 198
195 194
192 191
189 188
186 185
184 183
182 181
179 177
176 174
173 171
166 164
162 160
158 156
155 154
153 152
151 148
146 145
143 137
135 132
130 129
128 126
125 124
122 121
120 113
111 108
107 102
99 98
96 94
92 91
88 86
82 80
78 75
70 68
67 65
64 63
61 60
55 51
50 49
47 46
44 43
42 41
40 34
31 30
28 26
20 18
17 16
15 13
