1000
1 0
2 1
3 0
4 3
5 3
6 3
7 1
8 7
9 4
10 4
11 2
12 11
13 0
14 8
15 6
16 12
17 15
18 7
19 11
20 5
21 7
22 19
23 10
24 6
25 18
26 19
27 17
28 2
29 27
30 19
31 9
32 22
33 2
34 14
35 12
36 8
37 0
38 20
39 29
40 33
41 2
42 32
43 19
44 5
45 6
46 13
47 9
48 41
49 29
50 13
51 12
52 42
53 41
54 13
55 46
56 32
57 40
58 52
59 24
60 14
61 5
62 54
63 15
64 8
65 43
66 39
67 12
68 21
69 68
70 66
71 42
72 41
73 51
74 54
75 69
76 47
77 58
78 26
79 18
80 0
81 55
82 48
83 42
84 60
85 77
86 69
87 86
88 34
89 78
90 13
91 83
92 36
93 12
94 69
95 23
96 65
97 38
98 65
99 65
100 26
101 54
102 85
103 100
104 98
105 100
106 103
107 17
108 30
109 44
110 77
111 82
112 23
113 50
114 91
115 114
116 9
117 86
118 103
119 83
120 112
121 89
122 51
123 14
124 53
125 67
126 56
127 29
128 106
129 89
130 95
131 52
132 131
133 32
134 11
135 53
136 106
137 7
138 53
139 131
140 78
141 7
142 54
143 120
144 0
145 22
146 87
147 101
148 15
149 67
150 47
151 142
152 39
153 63
154 19
155 19
156 12
157 73
158 71
159 32
160 65
161 8
162 144
163 136
164 19
165 135
166 111
167 128
168 84
169 51
170 50
171 100
172 127
173 80
174 103
175 141
176 49
177 27
178 138
179 58
180 135
181 102
182 142
183 102
184 73
185 129
186 139
187 83
188 91
189 185
190 78
191 60
192 120
193 169
194 193
195 42
196 3
197 137
198 130
199 168
200 188
201 187
202 166
203 30
204 180
205 47
206 120
207 181
208 61
209 160
210 21
211 73
212 152
213 118
214 174
215 39
216 28
217 209
218 152
219 70
220 112
221 150
222 21
223 91
224 37
225 69
226 225
227 147
228 215
229 67
230 108
231 207
232 79
233 182
234 89
235 188
236 117
237 108
238 40
239 81
240 152
241 95
242 213
243 185
244 127
245 140
246 30
247 33
248 131
249 15
250 1
251 65
252 223
253 210
254 99
255 46
256 83
257 201
258 225
259 179
260 55
261 252
262 128
263 182
264 183
265 187
266 186
267 129
268 164
269 174
270 243
271 128
272 214
273 2
274 63
275 34
276 200
277 104
278 35
279 151
280 34
281 146
282 269
283 269
284 77
285 22
286 158
287 97
288 271
289 201
290 273
291 264
292 70
293 288
294 268
295 94
296 10
297 5
298 215
299 233
300 295
301 285
302 35
303 213
304 11
305 118
306 184
307 134
308 138
309 201
310 72
311 245
312 213
313 85
314 313
315 106
316 314
317 93
318 14
319 60
320 115
321 78
322 114
323 12
324 240
325 219
326 278
327 252
328 83
329 292
330 163
331 56
332 19
333 328
334 318
335 172
336 332
337 197
338 177
339 142
340 74
341 18
342 18
343 142
344 144
345 14
346 197
347 291
348 18
349 328
350 321
351 36
352 348
353 181
354 103
355 58
356 47
357 12
358 227
359 331
360 309
361 206
362 83
363 290
364 227
365 188
366 200
367 281
368 91
369 222
370 178
371 262
372 68
373 341
374 363
375 47
376 40
377 343
378 68
379 176
380 188
381 130
382 357
383 195
384 223
385 379
386 64
387 202
388 353
389 346
390 377
391 124
392 159
393 28
394 111
395 54
396 352
397 54
398 19
399 108
400 14
401 134
402 370
403 311
404 203
405 391
406 372
407 308
408 208
409 168
410 235
411 211
412 265
413 229
414 255
415 83
416 239
417 203
418 245
419 361
420 170
421 275
422 202
423 326
424 106
425 247
426 344
427 79
428 74
429 241
430 117
431 100
432 328
433 32
434 322
435 320
436 352
437 73
438 223
439 229
440 36
441 188
442 375
443 294
444 357
445 262
446 349
447 380
448 320
449 200
450 289
451 431
452 248
453 76
454 284
455 147
456 179
457 225
458 12
459 204
460 96
461 198
462 77
463 363
464 61
465 85
466 94
467 408
468 319
469 376
470 258
471 305
472 296
473 145
474 27
475 330
476 219
477 162
478 219
479 384
480 326
481 204
482 464
483 363
484 52
485 33
486 73
487 442
488 311
489 302
490 273
491 396
492 107
493 146
494 55
495 329
496 417
497 89
498 34
499 303
500 187
501 195
502 463
503 456
504 32
505 262
506 455
507 23
508 364
509 180
510 223
511 186
512 327
513 12
514 207
515 85
516 217
517 234
518 152
519 180
520 153
521 68
522 138
523 218
524 7
525 394
526 19
527 257
528 153
529 131
530 439
531 177
532 425
533 74
534 411
535 529
536 424
537 322
538 532
539 163
540 311
541 408
542 323
543 100
544 226
545 306
546 203
547 532
548 5
549 1
550 202
551 240
552 532
553 224
554 182
555 361
556 91
557 275
558 408
559 33
560 7
561 260
562 89
563 507
564 213
565 69
566 78
567 239
568 284
569 12
570 40
571 272
572 365
573 425
574 52
575 507
576 224
577 552
578 52
579 560
580 149
581 442
582 445
583 508
584 191
585 154
586 19
587 254
588 160
589 322
590 166
591 299
592 113
593 30
594 13
595 572
596 314
597 128
598 118
599 97
600 401
601 460
602 9
603 409
604 406
605 386
606 195
607 128
608 66
609 340
610 591
611 474
612 173
613 294
614 44
615 196
616 371
617 505
618 103
619 145
620 186
621 307
622 437
623 17
624 458
625 312
626 48
627 76
628 109
629 485
630 13
631 316
632 618
633 279
634 297
635 149
636 5
637 45
638 568
639 252
640 94
641 109
642 31
643 192
644 620
645 539
646 91
647 573
648 173
649 147
650 416
651 149
652 456
653 415
654 547
655 65
656 390
657 491
658 90
659 136
660 109
661 424
662 63
663 153
664 411
665 191
666 208
667 193
668 504
669 310
670 101
671 663
672 295
673 179
674 309
675 363
676 59
677 558
678 347
679 517
680 138
681 364
682 591
683 559
684 667
685 542
686 586
687 559
688 25
689 155
690 58
691 536
692 460
693 193
694 658
695 365
696 456
697 402
698 583
699 497
700 536
701 121
702 224
703 152
704 530
705 20
706 38
707 664
708 646
709 214
710 608
711 406
712 244
713 31
714 517
715 193
716 466
717 312
718 134
719 352
720 231
721 630
722 82
723 347
724 340
725 508
726 646
727 380
728 77
729 259
730 362
731 47
732 592
733 88
734 566
735 445
736 273
737 382
738 231
739 10
740 556
741 150
742 301
743 336
744 689
745 167
746 292
747 303
748 459
749 221
750 257
751 54
752 581
753 667
754 266
755 664
756 113
757 303
758 750
759 73
760 503
761 681
762 180
763 619
764 2
765 169
766 431
767 209
768 282
769 3
770 575
771 604
772 686
773 156
774 43
775 188
776 308
777 279
778 638
779 472
780 688
781 402
782 454
783 74
784 726
785 243
786 574
787 658
788 108
789 432
790 106
791 786
792 480
793 264
794 6
795 750
796 135
797 614
798 148
799 553
800 95
801 128
802 34
803 450
804 347
805 784
806 682
807 262
808 553
809 699
810 309
811 662
812 401
813 618
814 813
815 439
816 429
817 622
818 246
819 295
820 625
821 201
822 6
823 712
824 198
825 211
826 60
827 718
828 154
829 456
830 507
831 741
832 406
833 663
834 553
835 104
836 600
837 97
838 142
839 187
840 77
841 430
842 282
843 443
844 311
845 480
846 748
847 103
848 16
849 148
850 631
851 676
852 112
853 462
854 411
855 666
856 52
857 468
858 417
859 551
860 360
861 596
862 438
863 141
864 370
865 378
866 215
867 68
868 597
869 710
870 552
871 443
872 474
873 317
874 718
875 768
876 570
877 449
878 479
879 548
880 339
881 313
882 777
883 209
884 708
885 625
886 147
887 432
888 382
889 84
890 153
891 587
892 773
893 813
894 548
895 406
896 296
897 39
898 400
899 306
900 706
901 857
902 430
903 672
904 702
905 34
906 741
907 581
908 118
909 270
910 648
911 196
912 56
913 714
914 345
915 553
916 430
917 657
918 669
919 412
920 88
921 55
922 302
923 102
924 904
925 160
926 704
927 67
928 746
929 178
930 921
931 318
932 38
933 639
934 72
935 199
936 643
937 564
938 383
939 899
940 730
941 127
942 500
943 33
944 340
945 131
946 88
947 209
948 201
949 895
950 324
951 296
952 230
953 329
954 953
955 247
956 490
957 103
958 730
959 162
960 301
961 881
962 342
963 245
964 62
965 730
966 280
967 847
968 431
969 392
970 666
971 313
972 595
973 172
974 231
975 541
976 76
977 708
978 953
979 285
980 946
981 130
982 86
983 947
984 613
985 555
986 431
987 944
988 287
989 898
990 343
991 79
992 38
993 827
994 278
995 984
996 689
997 137
998 908
999 9
293 823
403 308
184 350
431 93
75 182
829 293
393 447
793 596
247 332
720 193
138 196
233 429
640 551
53 19
764 496
332 235
538 457
661 21
690 669
266 323
788 182
878 368
57 886
140 532
626 107
61 401
376 4
245 232
175 248
643 636
167 646
564 609
40 550
490 509
441 886
454 588
229 554
455 922
692 571
45 256
145 231
63 258
877 89
437 232
503 711
963 144
382 570
883 948
965 299
270 159
361 888
326 579
234 877
235 567
211 152
144 180
408 309
145 742
492 16
692 128
124 880
761 904
4 976
687 890
611 746
388 744
277 877
512 766
333 77
287 219
525 545
849 836
588 799
16 531
738 668
637 429
307 256
840 122
397 341
434 277
296 281
424 554
474 953
94 879
452 213
990 379
404 699
276 348
687 11
431 645
171 289
86 940
518 905
268 545
799 637
865 362
815 26
231 427
115 313
558 395
577 865
572 346
989 161
197 983
895 291
74 838
842 484
537 374
507 145
281 369
428 363
841 108
668 843
540 198
421 376
298 742
418 693
422 861
435 256
231 498
198 237
862 580
828 985
907 578
573 322
652 999
841 100
52 89
108 350
947 768
420 427
623 740
218 181
495 327
123 172
768 153
666 747
422 770
780 323
153 923
320 569
161 837
161 939
543 187
465 25
465 764
99 646
562 768
429 981
908 684
673 24
418 800
878 507
999 805
608 271
469 476
600 419
715 290
849 269
918 951
137 910
762 926
671 892
565 519
376 721
144 104
448 520
851 770
319 792
716 271
825 888
260 778
810 34
574 199
885 733
300 289
903 699
784 866
108 289
668 829
829 653
815 223
165 785
213 20
87 389
137 398
334 227
698 849
208 308
391 554
248 952
279 981
606 651
425 13
86 451
901 502
986 117
206 606
468 23
525 466
347 48
723 430
513 108
570 156
240 516
481 350
871 474
250 662
469 601
217 578
272 611
795 341
945 789
720 152
536 213
719 0
856 428
581 457
855 494
778 57
341 245
432 999
830 21
264 849
757 923
659 949
62 999
442 343
184 41
58 330
438 72
351 290
985 60
580 829
860 645
949 10
635 125
777 249
544 736
55 322
739 36
43 274
846 523
357 40
346 309
239 350
274 915
497 723
770 814
883 309
763 702
166 692
174 639
55 17
794 5
617 85
404 648
854 710
546 634
946 60
380 293
524 170
527 787
137 896
639 533
311 870
825 324
411 810
658 630
759 658
631 936
435 22
995 603
495 860
622 457
363 23
712 982
364 730
634 563
555 373
388 493
530 234
617 244
462 762
164 192
740 801
997 830
42 440
835 624
283 177
888 963
221 524
108 210
955 888
871 304
98 342
430 778
203 999
408 522
572 62
294 352
723 856
454 179
496 776
451 205
837 607
722 429
28 344
98 286
174 266
217 765
492 766
472 600
771 857
490 529
841 307
878 90
110 741
758 778
274 762
732 981
33 204
624 626
21 631
336 798
760 59
669 103
451 155
45 483
208 450
827 766
65 445
607 505
660 91
363 368
188 602
107 12
932 35
999 367
418 589
41 599
645 999
694 257
373 343
355 503
886 984
718 628
696 464
517 611
854 223
638 864
713 355
941 310
41 537
627 136
551 566
145 915
954 475
489 8
452 839
213 984
88 54
247 543
866 207
596 627
571 588
446 694
55 514
804 47
317 336
480 648
826 701
405 232
482 186
858 120
693 126
112 714
666 232
156 5
411 495
457 253
724 438
421 912
209 379
166 531
851 518
409 867
902 735
151 112
570 512
709 804
700 586
326 97
41 99
31 135
886 836
22 93
39 465
496 815
818 794
598 158
831 839
939 414
247 616
549 33
861 938
525 32
781 429
453 993
568 690
573 692
65 682
817 55
447 114
307 706
272 219
568 669
118 365
634 77
432 619
362 805
624 650
343 705
820 492
735 678
675 617
345 301
774 573
197 607
721 516
129 571
53 217
584 898
811 438
753 475
631 270
706 66
678 382
758 315
589 43
658 604
127 605
432 137
979 584
718 953
384 747
535 294
334 521
331 74
547 813
653 716
318 475
129 946
459 426
144 689
883 853
905 279
56 824
934 178
386 664
336 361
449 355
744 928
247 735
804 609
601 295
361 149
770 111
267 275
172 888
894 711
156 527
360 484
176 632
238 908
760 809
968 227
727 209
345 668
732 335
438 83
681 918
251 626
767 766
828 199
540 830
775 11
211 853
884 125
310 177
501 844
705 591
416 883
486 672
358 527
249 532
943 133
272 496
940 398
145 635
801 636
648 399
349 254
747 707
239 967
139 757
367 13
505 581
310 734
923 100
19 541
602 971
362 121
145 65
595 526
796 636
341 253
563 976
973 894
25 981
927 999
741 634
7 100
436 904
405 838
865 554
91 265
203 640
308 772
313 523
394 677
924 963
700 813
569 724
410 223
25 654
39 135
775 955
530 541
430 852
417 880
53 589
474 87
928 23
663 827
19 348
158 680
509 813
850 522
423 671
601 525
24 652
499 748
614 245
524 99
563 629
294 288
762 265
878 492
876 708
104 472
763 383
146 762
43 253
371 671
216 213
222 538
368 249
791 827
837 531
968 339
247 46
424 571
484 234
81 364
613 346
556 337
310 760
548 416
457 313
443 528
561 18
341 725
262 41
367 238
145 641
467 56
653 517
451 619
8 341
24 538
13 550
942 608
784 604
309 374
269 515
175 49
845 707
457 488
917 634
896 347
805 123
961 182
970 532
804 821
609 597
430 226
705 308
42 475
747 750
548 966
97 872
202 774
48 115
454 255
195 886
780 436
109 630
165 651
651 384
590 142
644 894
200 26
893 336
532 636
669 954
355 63
514 436
327 970
871 151
714 647
19 418
577 655
14 460
380 448
714 949
909 768
844 53
914 459
646 542
537 377
778 877
479 459
565 714
620 3
701 770
415 427
40 842
738 894
603 332
969 563
4 486
181 969
957 237
415 276
806 17
363 116
837 146
403 422
76 72
364 780
263 8
778 136
856 490
139 7
161 543
26 528
373 856
482 163
724 58
84 926
18 14
584 395
834 493
60 229
716 512
708 961
512 725
198 634
693 461
992 549
531 891
353 163
873 623
952 260
508 712
541 448
781 689
930 888
70 730
422 500
713 447
222 822
436 701
784 308
596 393
541 859
253 515
466 494
4 591
972 910
434 196
461 228
565 365
959 545
916 686
596 46
318 737
752 712
120 205
324 675
266 672
847 783
948 731
786 344
546 452
185 567
233 33
105 710
597 792
939 105
977 739
987 184
229 865
231 560
5 938
913 78
889 796
51 376
733 395
223 273
514 625
133 27
845 267
824 748
271 24
663 893
29 36
185 222
718 75
976 109
70 281
575 405
207 556
423 859
414 763
973 554
867 343
996 318
684 54
651 693
413 998
955 330
597 430
8 843
632 80
897 978
5 347
69 496
139 438
99 573
757 6
886 813
959 848
115 844
611 634
217 450
157 323
876 370
999 763
470 972
809 389
331 578
89 930
503 536
588 319
390 332
918 214
351 517
355 138
782 849
546 163
269 270
59 938
806 378
405 895
887 165
918 342
299 980
240 831
177 193
132 749
539 957
782 950
141 136
765 121
720 344
181 591
42 717
43 31
292 949
28 525
552 307
531 85
388 513
493 177
847 703
970 395
703 300
346 724
485 281
801 42
534 157
905 536
806 667
778 735
139 768
81 858
92 632
506 96
660 968
707 259
334 814
335 429
686 444
892 994
154 476
418 360
540 149
544 507
253 548
556 653
351 550
758 946
862 809
289 522
829 283
464 872
977 610
825 135
36 866
249 253
920 893
164 607
973 196
990 403
593 372
259 5
787 508
200 777
916 211
628 119
467 742
326 501
468 967
716 622
876 417
901 816
779 431
948 675
662 805
441 838
408 311
150 363
620 677
531 931
594 592
206 476
75 838
2 414
771 705
179 165
99 510
772 505
487 992
925 913
170 981
756 926
324 529
902 412
134 230
170 867
746 77
347 660
649 870
576 830
770 556
146 601
108 660
105 514
161 739
723 300
491 120
859 798
521 723
692 411
523 654
233 439
280 915
865 275
581 651
358 828
774 52
644 159
890 584
243 388
603 897
166 640
401 696
440 962
43 188
811 935
993 624
460 32
64 726
718 873
787 735
601 237
498 300
735 237
802 654
483 711
433 554
502 867
395 985
222 596
806 774
23 4
14 326
656 927
245 363
6 263
1 547
98 540
968 344
916 578
740 544
655 69
201 965
350 265
201 918
139 109
171 296
867 251
59 4
753 37
684 295
769 266
651 193
892 44
422 670
986 475
724 485
796 769
796 90
196 560
429 94
683 904
439 102
567 333
317 857
672 925
16 946
309 38
785 286
87 678
562 687
841 628
873 79
802 172
714 585
146 857
240 880
997 410
704 283
990 230
411 920
75 20
509 877
313 372
174 647
308 161
229 385
5 536
420 422
425 497
420 769
185 380
494 433
915 184
106 451
197 636
824 407
17 136
313 453
1 542
457 320
64 82
323 984
875 289
640 902
842 333
742 360
575 454
34 716
442 845
121 25
678 66
776 841
644 949
446 691
498 185
859 734
911 821
632 47
757 244
874 379
980 140
756 88
143 659
240 941
270 590
361 747
471 707
128 67
657 198
282 62
534 417
658 260
716 261
312 956
513 413
565 114
505 665
346 958
502 272
908 185
346 742
942 691
363 517
188 552
667 848
503 305
883 587
113 654
812 694
647 513
202 480
822 197
606 840
971 910
974 319
228 387
611 762
988 854
558 723
599 924
247 398
146 799
748 777
821 944
411 389
409 906
156 82
616 835
758 78
485 587
860 230
729 63
244 701
647 423
492 521
893 635
65 453
119 317
845 609
785 15
796 982
89 509
708 949
151 717
510 807
523 587
61 871
281 921
26 60
2 324
698 587
250 617
932 201
914 614
371 661
722 470
596 660
141 268
988 614
872 953
258 998
168 736
868 183
463 78
153 682
499 911
874 372
683 771
662 924
335 112
304 603
27 193
71 875
975 404
286 34
93 288
785 95
101 371
280 177
276 164
332 69
362 866
244 388
408 653
770 597
786 13
272 5
184 553
492 177
537 235
486 300
941 440
362 524
76 869
551 870
240 246
99 218
469 712
672 705
769 782
350 2
587 81
830 141
636 471
313 831
340 734
779 964
523 699
895 898
790 931
104 737
97 66
130 537
847 346
347 445
547 835
377 571
361 753
800 997
791 204
664 201
145 592
313 460
398 892
117 966
285 928
536 271
763 351
86 120
20 588
273 252
498 441
685 804
927 595
235 49
156 409
494 37
604 67
869 715
392 368
909 669
775 87
67 59
713 623
459 969
720 82
255 890
932 500
690 393
18 462
704 501
55 205
415 61
995 250
349 978
294 96
942 726
19 922
911 831
405 409
319 672
273 499
987 31
564 861
444 401
281 151
854 961
319 389
728 288
549 231
875 303
467 862
168 136
215 358
427 946
304 395
774 722
882 916
67 694
446 533
202 46
829 72
595 980
498 195
57 221
140 218
928 457
473 152
408 133
983 308
943 53
608 684
630 344
418 695
490 389
577 36
393 262
563 792
339 737
8 398
3 632
396 408
368 375
27 380
644 874
255 314
376 73
57 258
146 852
34 115
644 840
124 694
418 212
610 337
472 365
344 287
286 260
441 757
777 458
795 615
638 682
697 904
214 732
69 137
721 106
775 936
864 675
135 578
155 238
739 276
227 201
325 443
790 438
77 260
821 534
686 645
35 824
695 97
484 306
648 355
791 288
519 74
466 235
910 83
233 592
363 261
458 409
804 909
536 513
812 297
97 521
943 65
214 144
133 330
223 231
55 341
561 650
748 804
382 954
309 813
462 807
93 383
591 411
303 776
463 890
571 369
841 341
769 233
324 78
473 894
36 646
460 275
354 898
650 267
887 932
489 868
601 190
446 62
623 393
788 490
983 859
46 712
729 431
938 416
752 215
933 658
685 924
757 978
927 118
894 355
827 831
141 724
643 201
378 167
407 16
678 478
629 234
233 25
973 227
646 730
230 110
845 114
767 357
5 444
451 329
556 862
732 773
468 681
538 981
549 630
705 4
937 472
468 714
439 856
505 957
703 739
731 815
463 296
246 461
552 518
811 879
784 251
240 523
764 719
674 404
194 182
121 745
929 676
393 928
885 322
217 472
907 135
994 790
285 867
126 679
498 141
274 13
669 852
305 205
848 754
838 996
542 348
925 74
882 214
159 983
15 187
641 258
404 970
328 992
787 285
691 537
903 675
308 790
336 277
292 815
53 710
10 369
596 795
208 900
472 17
483 99
512 998
572 549
760 80
728 752
726 498
880 117
564 997
998 774
757 907
805 756
349 399
403 701
129 760
590 179
128 163
832 272
325 216
80 797
426 765
286 850
898 151
235 176
475 648
195 666
79 946
280 929
982 105
500 30
81 718
442 787
525 591
626 627
745 524
87 192
982 197
383 419
955 768
566 933
866 54
511 812
163 613
545 546
114 624
161 408
999 722
586 223
786 809
302 135
89 599
711 520
8 789
222 870
732 568
607 146
564 749
103 314
964 128
268 147
95 768
687 757
776 503
928 29
357 38
207 320
137 413
634 90
725 751
632 247
914 499
32 561
229 192
647 896
199 496
836 583
456 677
226 179
0 186
97 567
930 264
529 458
285 64
533 290
392 448
80 714
817 143
518 63
385 882
865 184
560 305
311 612
401 836
84 485
434 654
202 986
43 644
1 578
528 191
836 20
700 644
194 172
620 589
6 976
853 305
676 704
971 326
327 156
975 839
684 831
171 584
989 137
150 94
283 715
143 28
51 243
167 952
499 136
944 899
162 927
683 879
753 923
339 316
370 772
364 795
763 638
207 892
839 26
941 170
825 97
325 939
854 765
164 766
654 26
0 533
759 521
201 562
70 662
645 430
122 191
942 196
175 253
393 437
692 271
86 436
362 993
175 937
209 996
656 515
856 495
625 542
320 459
842 157
575 908
932 433
764 307
624 535
99 552
518 735
975 933
452 880
335 598
161 330
247 725
573 524
612 865
871 203
259 870
98 164
526 753
637 816
940 586
190 798
268 283
946 95
654 520
811 947
438 420
703 177
774 579
840 3
103 839
70 464
931 753
261 690
514 865
356 232
614 97
108 247
189 403
904 649
92 651
495 543
203 464
52 986
288 251
94 717
323 914
473 311
11 319
32 661
604 360
820 908
654 388
966 772
507 803
925 752
164 852
885 793
400 908
588 234
579 418
754 959
927 360
108 127
665 91
757 32
458 931
442 545
656 30
872 595
121 920
821 448
60 405
439 878
92 238
413 109
241 602
384 899
380 252
45 194
919 218
890 599
464 485
882 195
384 188
703 190
907 844
331 543
270 283
563 320
128 162
649 318
543 143
700 663
176 890
814 956
779 528
2 814
424 507
832 861
618 387
910 147
862 725
900 974
455 137
532 141
10 442
453 306
553 279
979 421
415 694
4 618
711 504
33 657
385 0
7 843
505 244
697 12
533 502
716 676
76 365
974 31
254 652
620 108
35 748
111 747
788 181
194 896
760 768
155 348
596 80
579 394
915 822
996 719
357 636
286 914
727 993
877 692
55 299
363 41
665 219
246 212
419 714
693 929
330 546
740 819
383 927
2 526
218 340
699 590
577 873
335 471
245 530
206 374
761 987
982 900
719 112
538 723
33 985
633 417
705 579
777 842
686 905
678 18
443 41
618 335
237 123
770 709
274 284
987 403
696 321
240 938
321 15
841 814
513 975
625 733
833 902
980 989
204 635
915 746
378 82
774 621
294 790
29 664
305 106
658 845
158 831
91 851
95 424
736 47
2 609
198 305
579 528
389 416
839 99
44 435
522 636
152 380
545 549
608 850
878 458
296 804
748 757
904 809
302 525
497 597
224 984
251 294
625 631
757 589
284 657
651 943
713 175
669 579
549 511
498 894
955 596
168 130
165 843
798 853
267 0
528 118
798 7
398 994
978 814
274 668
486 367
987 44
641 420
299 126
923 403
498 795
149 529
861 53
454 875
871 107
267 959
738 404
721 969
665 889
634 265
941 771
571 450
754 268
366 590
878 329
856 973
141 949
768 772
492 537
523 681
112 359
480 301
298 69
965 155
802 735
206 477
468 222
68 221
155 20
826 233
473 977
503 248
600 375
201 401
496 346
135 730
613 196
544 774
900 365
485 680
595 151
856 932
250 151
648 349
794 655
634 209
664 473
382 400
309 630
555 291
165 685
599 146
314 671
734 286
973 438
798 725
913 662
686 987
612 172
521 309
290 651
707 378
231 837
478 506
889 614
601 24
872 933
878 188
771 724
215 297
361 774
148 981
331 215
125 336
300 234
385 90
576 208
740 226
446 434
480 323
257 251
469 118
586 909
988 654
101 875
794 656
410 733
420 825
139 586
778 95
53 184
817 465
485 678
416 851
568 515
302 609
310 672
614 820
860 808
865 947
814 128
55 761
645 448
569 204
26 769
37 918
935 50
751 740
870 755
337 292
993 218
519 603
573 939
929 772
315 481
934 85
428 300
217 476
457 947
339 959
316 25
245 368
839 292
863 23
975 912
442 153
500 786
159 671
688 56
186 1
486 537
21 595
478 349
577 658
349 580
502 988
659 193
560 307
733 613
148 362
376 239
238 176
969 374
69 115
380 896
115 968
47 563
364 665
714 672
610 928
773 583
283 928
894 526
632 458
901 491
626 205
342 353
531 887
867 511
486 416
859 123
909 230
51 302
909 178
895 81
424 961
878 518
878 591
831 385
377 319
763 293
644 573
193 211
822 404
207 973
977 443
316 992
450 857
648 688
884 586
556 293
574 498
475 844
733 303
804 56
927 403
299 671
390 590
531 865
932 698
819 859
625 56
722 370
295 32
168 171
862 845
626 967
25 543
57 436
27 114
792 599
871 524
585 956
636 84
939 944
393 158
505 830
490 947
778 46
951 597
776 444
197 871
679 948
788 131
541 187
989 670
232 696
397 990
432 338
802 171
731 515
504 355
438 114
999 998
997 996
995 992
991 990
989 988
987 986
985 983
980 979
978 977
976 972
970 964
961 960
951 948
947 946
944 943
942 939
937 936
935 934
933 931
929 928
927 925
924 922
921 918
916 915
912 909
907 905
903 902
900 897
894 893
890 888
886 884
882 878
877 873
871 870
869 868
865 864
862 860
858 856
853 852
851 847
843 840
832 831
830 829
826 824
822 819
816 811
810 807
806 802
800 798
794 793
792 789
788 785
781 777
775 774
772 770
769 768
767 765
764 762
760 759
758 753
752 751
749 747
746 745
744 743
741 740
735 734
733 729
728 727
726 725
721 720
719 714
713 712
710 709
704 702
700 697
696 695
694 690
689 687
686 682
681 680
679 676
672 671
670 669
667 664
662 657
656 648
645 644
642 640
638 635
634 630
629 626
624 623
617 616
609 600
599 598
596 592
591 590
588 587
585 582
578 576
575 573
572 570
567 565
559 557
554 553
552 551
547 545
544 541
540 539
537 536
535 532
531 530
528 526
522 521
518 517
516 513
510 509
508 507
506 505
498 497
494 489
486 485
484 482
481 480
479 476
470 469
468 466
465 464
463 462
460 459
454 453
452 451
449 448
445 444
443 442
441 439
438 436
434 432
431 429
427 426
425 422
420 418
417 413
412 409
408 407
406 405
403 402
399 398
397 396
395 393
391 389
388 387
386 382
381 379
377 374
372 371
368 367
362 361
360 357
355 352
351 350
347 343
342 335
332 330
329 328
327 324
322 319
318 317
316 315
313 311
310 308
306 303
302 301
299 298
295 294
292 289
288 285
284 280
278 276
274 273
271 270
268 264
263 262
260 259
257 255
251 250
249 248
246 244
243 242
241 236
233 232
231 230
228 227
226 224
223 221
220 219
216 214
212 211
210 209
208 204
199 197
196 194
193 192
191 186
184 183
181 178
173 169
168 167
165 162
161 155
153 151
150 149
148 147
146 145
143 142
140 138
137 136
135 134
133 131
128 123
122 121
119 118
114 112
111 110
107 106
105 103
102 101
100 99
95 91
89 87
82 81
80 77
76 75
74 71
70 68
67 64
58 56
55 54
51 48
47 45
43 42
41 39
38 37
36 34
33 32
31 30
29 25
24 23
19 10
8 6
5 4
3 2
