100
1 0
2 0
3 1
4 0
5 4
6 4
7 4
8 4
9 2
10 2
11 9
12 9
13 9
14 13
15 6
16 5
17 4
18 5
19 5
20 16
21 16
22 5
23 2
24 13
25 12
26 7
27 8
28 24
29 7
30 1
31 6
32 25
33 28
34 18
35 13
36 19
37 0
38 37
39 27
40 30
41 20
42 4
43 37
44 26
45 41
46 15
47 1
48 14
49 37
50 11
51 40
52 4
53 30
54 0
55 8
56 51
57 3
58 14
59 32
60 21
61 15
62 53
63 52
64 0
65 13
66 26
67 57
68 30
69 6
70 48
71 2
72 1
73 7
74 47
75 4
76 42
77 5
78 3
79 16
80 28
81 37
82 0
83 14
84 20
85 64
86 28
87 55
88 87
89 33
90 12
91 50
92 41
93 30
94 30
95 33
96 83
97 83
98 44
99 51
24 47
70 1
52 41
75 76
30 52
49 75
56 60
28 68
51 22
83 57
6 42
74 27
8 69
62 2
52 12
37 36
65 19
5 90
7 51
77 97
84 21
90 59
60 39
78 92
57 61
69 49
80 82
57 2
5 66
72 76
89 8
68 90
27 81
47 5
24 0
84 40
92 37
86 77
43 68
48 38
12 79
67 80
33 94
64 70
7 55
63 40
62 17
0 52
70 94
15 29
87 1
0 1
2 3
4 5
6 8
10 12
13 19
20 21
23 26
28 30
31 34
35 37
42 45
46 48
49 51
54 55
57 58
60 62
64 69
71 73
75 76
77 80
84 85
87 88
91 92
93 94
95 96
98 99
