100
1 0
2 1
3 1
4 2
5 0
6 0
7 2
8 6
9 1
10 9
11 9
12 8
13 11
14 4
15 10
16 10
17 2
18 2
19 2
20 19
21 20
22 7
23 10
24 17
25 1
26 3
27 2
28 17
29 13
30 6
31 12
32 7
33 17
34 7
35 9
36 21
37 8
38 2
39 28
40 29
41 34
42 23
43 31
44 4
45 9
46 4
47 8
48 8
49 48
50 33
51 50
52 33
53 20
54 10
55 5
56 40
57 54
58 45
59 22
60 23
61 43
62 33
63 26
64 48
65 36
66 56
67 22
68 43
69 66
70 53
71 19
72 54
73 38
74 20
75 49
76 24
77 15
78 61
79 5
80 27
81 11
82 26
83 58
84 4
85 8
86 29
87 48
88 7
89 52
90 48
91 1
92 51
93 9
94 90
95 17
96 64
97 64
98 68
99 79
77 83
49 63
26 64
54 52
42 35
65 15
17 92
24 49
42 91
51 82
0 93
55 42
35 80
68 60
84 13
70 65
4 19
71 35
59 87
8 36
58 69
41 10
55 7
39 52
12 75
15 71
52 55
73 98
37 64
10 74
51 74
18 74
35 91
14 7
47 81
11 42
27 59
17 46
56 44
63 76
97 25
31 54
80 49
13 45
23 76
7 25
87 21
34 26
55 65
93 49
30 41
