100
1 0
2 1
3 0
4 3
5 1
6 2
7 1
8 7
9 6
10 2
11 0
12 7
13 1
14 8
15 0
16 10
17 8
18 9
19 18
20 13
21 12
22 20
23 7
24 12
25 3
26 17
27 5
28 7
29 15
30 2
31 21
32 10
33 18
34 29
35 23
36 23
37 30
38 31
39 25
40 30
41 13
42 26
43 15
44 8
45 12
46 28
47 15
48 31
49 18
50 18
51 26
52 38
53 38
54 25
55 53
56 39
57 52
58 2
59 37
60 26
61 16
62 46
63 11
64 0
65 14
66 62
67 25
68 52
69 11
70 50
71 56
72 63
73 3
74 15
75 5
76 31
77 25
78 45
79 11
80 6
81 66
82 61
83 26
84 1
85 40
86 43
87 21
88 19
89 59
90 60
91 11
92 61
93 52
94 38
95 29
96 42
97 91
98 28
99 39
10 81
92 67
66 43
25 1
55 4
14 34
85 23
16 92
94 32
55 83
40 17
37 64
91 92
75 87
64 14
52 78
91 78
56 98
93 12
14 42
91 10
58 42
7 13
63 95
72 91
65 66
63 61
99 35
47 36
95 25
99 30
33 25
32 1
58 31
66 80
21 30
24 75
25 14
78 95
58 89
4 42
58 47
78 61
16 41
3 5
49 52
19 53
83 92
1 39
25 51
49 29
