100
1 0
2 1
3 0
4 2
5 3
6 0
7 5
8 2
9 8
10 9
11 3
12 4
13 0
14 3
15 12
16 13
17 8
18 3
19 7
20 8
21 12
22 7
23 16
24 13
25 22
26 3
27 23
28 3
29 18
30 24
31 26
32 1
33 31
34 24
35 30
36 12
37 3
38 9
39 22
40 34
41 13
42 27
43 1
44 22
45 22
46 26
47 42
48 46
49 9
50 16
51 38
52 11
53 1
54 33
55 15
56 5
57 35
58 50
59 52
60 35
61 24
62 16
63 12
64 11
65 51
66 1
67 39
68 60
69 36
70 30
71 28
72 28
73 18
74 21
75 51
76 25
77 49
78 41
79 14
80 24
81 51
82 76
83 81
84 14
85 53
86 54
87 15
88 22
89 12
90 16
91 58
92 11
93 64
94 38
95 44
96 71
97 24
98 93
99 84
90 7
59 30
34 2
53 51
99 98
57 86
55 31
53 93
83 54
85 60
17 64
43 37
8 99
12 33
65 76
46 5
25 66
76 96
19 93
27 51
87 27
95 87
98 63
13 63
88 84
61 41
30 25
18 55
32 23
19 64
78 10
40 11
32 26
37 70
97 33
6 31
60 15
66 84
66 71
52 26
20 86
9 19
60 46
45 68
71 17
75 90
21 7
29 99
4 70
65 53
82 13
