100
1 0
2 0
3 1
4 2
5 3
6 4
7 0
8 3
9 7
10 3
11 0
12 4
13 2
14 8
15 8
16 10
17 5
18 7
19 17
20 5
21 20
22 4
23 11
24 9
25 14
26 5
27 3
28 4
29 14
30 26
31 6
32 7
33 31
34 31
35 33
36 22
37 15
38 32
39 24
40 39
41 30
42 19
43 31
44 38
45 19
46 35
47 34
48 7
49 5
50 32
51 2
52 13
53 50
54 0
55 1
56 28
57 9
58 48
59 47
60 16
61 56
62 40
63 17
64 10
65 12
66 40
67 39
68 51
69 67
70 30
71 35
72 13
73 14
74 41
75 64
76 27
77 56
78 59
79 51
80 27
81 43
82 77
83 73
84 53
85 27
86 62
87 2
88 57
89 57
90 46
91 36
92 43
93 61
94 24
95 36
96 50
97 25
98 11
99 19
15 80
72 28
76 48
79 0
43 96
44 16
29 9
7 65
5 13
87 46
90 91
20 30
11 45
98 91
76 77
19 88
90 14
81 27
34 40
60 91
2 64
2 57
67 31
56 57
94 33
71 80
88 30
14 31
7 69
32 79
47 25
56 11
93 29
46 26
12 3
13 92
28 14
82 75
17 76
11 62
46 67
9 94
32 84
52 94
11 42
54 13
87 93
15 0
15 59
80 69
95 89
99 97
93 90
88 87
86 85
83 79
78 77
74 70
69 68
66 64
63 62
59 58
57 56
55 51
50 49
48 47
46 39
37 36
35 34
33 32
30 29
27 26
25 24
23 21
20 19
18 16
15 14
12 11
10 9
8 7
4 2
