100
1 0
2 1
3 1
4 3
5 0
6 3
7 2
8 2
9 2
10 1
11 10
12 1
13 3
14 2
15 13
16 14
17 8
18 8
19 1
20 6
21 18
22 2
23 17
24 20
25 5
26 1
27 8
28 23
29 22
30 1
31 10
32 26
33 16
34 20
35 21
36 1
37 8
38 13
39 32
40 22
41 2
42 4
43 11
44 31
45 13
46 19
47 9
48 1
49 20
50 17
51 10
52 10
53 27
54 13
55 18
56 7
57 45
58 56
59 29
60 5
61 4
62 48
63 17
64 60
65 11
66 8
67 25
68 24
69 8
70 2
71 8
72 5
73 26
74 69
75 37
76 18
77 31
78 46
79 29
80 34
81 69
82 68
83 28
84 60
85 26
86 66
87 53
88 46
89 83
90 68
91 15
92 1
93 34
94 4
95 8
96 76
97 93
98 78
99 43
82 16
26 0
61 8
45 67
42 18
61 43
74 39
26 15
8 21
67 0
21 50
24 90
1 41
39 56
77 30
96 40
76 50
97 21
72 40
31 19
66 22
3 78
58 91
37 95
74 67
60 0
44 1
79 83
59 93
92 25
55 58
22 93
78 51
77 9
13 6
59 26
18 71
97 75
28 55
20 99
85 73
31 68
20 92
78 20
39 23
61 87
3 7
23 79
0 53
88 16
66 63
98 97
94 92
89 86
84 83
81 80
79 78
77 76
74 70
69 65
64 62
59 58
57 56
55 54
53 52
50 49
47 46
45 43
40 38
37 36
35 34
33 31
29 28
26 25
24 22
21 20
19 15
12 11
10 9
8 7
