100
1 0
2 0
3 2
4 1
5 2
6 4
7 4
8 1
9 2
10 9
11 3
12 6
13 10
14 8
15 1
16 6
17 10
18 4
19 4
20 0
21 4
22 2
23 21
24 18
25 8
26 13
27 23
28 18
29 14
30 24
31 21
32 5
33 1
34 31
35 6
36 13
37 27
38 20
39 22
40 17
41 28
42 31
43 34
44 2
45 15
46 18
47 28
48 7
49 10
50 25
51 38
52 7
53 33
54 38
55 8
56 1
57 51
58 1
59 0
60 55
61 11
62 1
63 44
64 42
65 1
66 49
67 51
68 7
69 5
70 35
71 4
72 29
73 55
74 14
75 55
76 61
77 30
78 58
79 10
80 48
81 36
82 70
83 79
84 62
85 81
86 68
87 46
88 54
89 0
90 59
91 79
92 29
93 58
94 27
95 70
96 9
97 74
98 86
99 32
60 52
17 69
82 4
87 70
88 61
8 63
87 18
29 26
81 58
85 87
83 99
21 15
20 74
31 28
6 87
27 82
98 93
39 97
56 72
49 74
73 65
43 33
63 0
36 99
30 51
2 83
38 77
25 66
15 95
43 2
2 59
28 79
9 31
61 45
58 46
66 31
32 62
22 21
59 38
68 90
0 4
63 88
42 75
94 20
59 71
39 91
27 42
87 47
86 35
95 9
1 79
99 96
95 92
89 88
86 84
83 82
81 80
79 78
76 68
67 66
64 62
59 58
57 53
50 49
46 43
41 40
39 38
37 36
35 33
32 30
28 27
25 22
21 19
18 17
16 14
13 12
10 9
8 6
5 4
