100
1 0
2 1
3 2
4 3
5 1
6 1
7 4
8 3
9 8
10 0
11 0
12 10
13 8
14 6
15 5
16 2
17 8
18 5
19 18
20 17
21 16
22 10
23 15
24 0
25 14
26 9
27 22
28 26
29 1
30 15
31 10
32 4
33 15
34 29
35 4
36 32
37 1
38 0
39 11
40 29
41 32
42 28
43 2
44 10
45 35
46 39
47 9
48 2
49 5
50 16
51 4
52 22
53 28
54 3
55 45
56 44
57 38
58 14
59 48
60 13
61 0
62 8
63 26
64 3
65 55
66 61
67 14
68 38
69 68
70 66
71 56
72 67
73 72
74 23
75 39
76 40
77 63
78 31
79 24
80 60
81 58
82 33
83 62
84 22
85 9
86 24
87 58
88 2
89 75
90 72
91 18
92 3
93 16
94 12
95 72
96 2
97 4
98 20
99 95
86 33
50 77
9 13
52 83
16 55
44 79
59 41
9 75
6 37
81 49
89 38
77 92
66 56
23 59
64 71
46 56
34 95
35 99
87 1
71 90
14 88
42 93
67 47
78 47
77 91
92 99
6 85
12 24
81 9
18 97
35 79
8 32
89 78
16 76
6 42
55 68
89 85
75 85
92 61
87 0
99 88
52 56
19 58
87 5
88 40
42 12
83 98
76 15
21 34
49 37
41 53
81 47
91 35
7 59
48 65
29 13
12 36
96 3
39 23
87 3
25 33
10 35
96 68
54 16
29 33
59 21
4 68
94 11
31 43
25 79
78 37
54 68
2 54
38 46
18 87
76 24
85 19
24 95
90 15
45 38
91 47
36 92
96 82
48 76
99 0
62 57
54 8
13 94
10 14
2 59
88 10
60 8
12 95
30 84
92 63
94 14
84 76
91 28
93 28
31 54
47 70
83 47
32 72
53 39
6 98
97 76
12 37
96 15
46 25
17 83
35 33
69 38
92 89
30 72
46 33
48 80
76 30
10 70
74 75
7 16
0 52
88 4
84 21
29 76
19 6
35 6
75 64
30 57
77 53
82 11
22 24
72 81
51 63
18 15
24 17
94 63
52 44
3 45
99 1
18 25
99 2
64 85
67 74
46 10
60 93
85 63
60 5
53 27
12 70
70 92
98 62
90 92
94 72
3 5
62 12
29 15
25 63
9 72
10 85
28 82
83 43
65 98
34 52
50 8
95 88
46 71
5 8
88 57
4 37
67 0
64 61
99 29
99 14
15 0
26 70
6 10
41 88
1 18
19 12
25 24
30 25
14 15
41 23
39 52
54 10
94 78
13 59
23 10
68 13
53 88
51 91
1 36
18 94
42 23
11 66
87 80
5 28
34 41
38 95
26 3
6 49
0 3
4 5
7 11
13 14
15 18
19 22
23 24
26 28
32 33
34 40
42 43
46 47
48 50
51 52
54 56
59 60
62 63
64 65
67 68
72 73
74 76
77 78
80 81
87 89
92 95
96 97
98 99
