100
1 0
2 0
3 0
4 1
5 1
6 0
7 5
8 2
9 2
10 7
11 0
12 3
13 5
14 3
15 6
16 7
17 6
18 2
19 18
20 4
21 15
22 9
23 2
24 21
25 3
26 16
27 16
28 4
29 13
30 17
31 24
32 3
33 1
34 24
35 16
36 10
37 33
38 10
39 16
40 36
41 36
42 28
43 6
44 24
45 40
46 1
47 29
48 9
49 4
50 1
51 20
52 33
53 2
54 52
55 18
56 7
57 36
58 9
59 43
60 57
61 2
62 17
63 49
64 1
65 0
66 51
67 43
68 10
69 38
70 42
71 37
72 22
73 6
74 67
75 31
76 58
77 30
78 43
79 44
80 62
81 1
82 57
83 38
84 77
85 18
86 82
87 43
88 14
89 23
90 62
91 74
92 73
93 85
94 22
95 0
96 68
97 61
98 12
99 69
86 83
2 34
11 58
28 41
38 50
25 62
26 32
36 44
87 4
16 48
50 54
54 49
5 89
15 41
38 86
77 7
2 22
81 9
22 85
83 60
74 47
73 39
26 13
73 26
99 1
15 95
94 16
48 58
91 24
90 74
50 46
88 91
55 54
88 1
16 74
32 59
92 17
27 2
90 56
14 1
49 93
92 69
87 44
94 29
57 83
63 99
39 70
80 91
67 27
20 14
77 48
0 1
3 4
6 7
8 9
13 19
20 22
24 27
28 29
32 33
35 36
38 39
41 43
45 53
64 65
66 67
69 71
72 74
75 76
78 79
84 85
86 87
88 90
92 94
96 97
98 99
