100
1 0
2 0
3 1
4 2
5 4
6 0
7 6
8 0
9 8
10 8
11 8
12 11
13 6
14 9
15 12
16 5
17 14
18 14
19 4
20 18
21 4
22 20
23 2
24 8
25 20
26 4
27 2
28 21
29 6
30 3
31 5
32 28
33 5
34 26
35 9
36 24
37 1
38 21
39 11
40 4
41 33
42 10
43 17
44 28
45 42
46 18
47 43
48 30
49 6
50 2
51 27
52 21
53 7
54 15
55 25
56 19
57 35
58 31
59 25
60 42
61 48
62 59
63 14
64 48
65 58
66 34
67 57
68 65
69 43
70 2
71 42
72 19
73 8
74 32
75 5
76 58
77 2
78 43
79 15
80 70
81 12
82 7
83 82
84 50
85 47
86 32
87 35
88 75
89 86
90 31
91 0
92 74
93 87
94 69
95 67
96 71
97 77
98 33
99 49
35 10
61 88
69 19
66 70
13 66
77 49
89 49
31 32
14 8
93 48
7 8
71 39
69 57
15 89
88 51
61 75
49 29
41 45
49 1
69 29
29 84
40 58
44 79
74 52
55 85
25 76
64 36
27 54
85 30
38 32
46 61
51 85
66 2
12 33
98 17
79 97
81 80
83 8
49 45
99 73
55 71
6 12
15 4
45 63
74 90
38 41
29 35
18 78
15 96
93 18
10 21
0 4
5 8
9 11
12 14
16 17
18 20
21 22
23 27
28 29
30 32
35 37
38 41
49 51
53 55
56 57
60 62
68 69
70 72
75 77
79 88
89 91
92 93
94 95
