100
1 0
2 1
3 2
4 2
5 4
6 0
7 2
8 6
9 4
10 2
11 10
12 8
13 9
14 13
15 2
16 11
17 3
18 4
19 8
20 6
21 0
22 4
23 13
24 7
25 1
26 20
27 14
28 0
29 23
30 26
31 11
32 11
33 10
34 21
35 14
36 7
37 28
38 33
39 23
40 11
41 17
42 0
43 24
44 29
45 44
46 0
47 27
48 42
49 19
50 32
51 45
52 16
53 32
54 46
55 23
56 35
57 12
58 34
59 28
60 41
61 4
62 48
63 0
64 9
65 27
66 45
67 34
68 19
69 29
70 40
71 2
72 54
73 28
74 28
75 18
76 6
77 50
78 24
79 44
80 33
81 27
82 4
83 73
84 34
85 33
86 42
87 9
88 42
89 22
90 35
91 65
92 68
93 21
94 65
95 55
96 18
97 34
98 94
99 57
81 25
27 38
78 38
11 57
67 62
52 21
22 32
19 46
33 90
74 38
80 73
37 89
8 23
37 59
92 87
63 47
98 16
50 81
83 25
46 48
36 3
36 58
70 78
80 54
1 14
73 93
97 56
65 67
14 96
89 20
71 30
41 66
75 29
45 14
31 1
68 11
45 69
48 11
15 29
57 77
29 67
10 92
12 80
85 30
6 69
53 14
71 57
39 41
31 69
13 78
53 83
88 49
76 54
0 76
81 6
22 29
34 56
29 20
30 20
26 89
87 40
36 81
44 21
14 55
77 19
21 18
27 5
20 96
6 19
41 69
3 7
72 43
32 19
44 83
85 4
91 47
78 42
29 25
99 19
96 69
23 74
58 11
78 12
92 80
10 41
56 47
77 73
67 37
58 39
78 94
73 92
42 47
65 49
70 9
13 91
73 72
37 13
5 58
8 26
24 75
25 43
96 23
35 54
55 87
51 88
39 40
95 3
80 42
30 36
60 52
6 54
33 44
91 90
59 49
29 79
97 5
32 1
28 70
43 59
39 53
51 21
46 23
90 78
33 30
67 0
58 53
18 20
27 3
80 50
30 61
64 25
41 64
54 98
62 90
9 43
99 27
10 61
81 83
91 82
69 9
86 59
29 34
75 9
46 38
8 73
23 84
5 94
8 25
61 74
13 66
28 29
14 79
65 93
88 24
39 60
57 32
54 96
13 29
58 91
11 62
93 89
94 6
7 29
7 82
84 1
80 19
99 22
37 49
95 14
87 7
90 80
47 90
94 15
69 97
97 99
91 12
56 61
71 88
52 38
82 79
7 66
14 93
57 55
23 24
93 88
95 66
64 81
90 15
34 76
88 30
68 30
30 54
75 92
29 94
39 13
3 45
22 72
25 42
71 10
13 42
56 91
0 1
2 3
5 6
8 10
12 14
16 18
19 20
21 28
29 31
32 33
36 39
41 42
43 49
51 53
54 55
57 58
59 60
61 66
71 75
80 81
83 84
85 87
88 89
94 97
98 99
