100
1 0
2 1
3 0
4 0
5 2
6 4
7 6
8 2
9 6
10 3
11 6
12 10
13 5
14 1
15 1
16 6
17 13
18 3
19 18
20 6
21 5
22 18
23 4
24 15
25 23
26 0
27 10
28 13
29 19
30 26
31 9
32 14
33 25
34 18
35 6
36 24
37 14
38 15
39 12
40 2
41 12
42 25
43 39
44 23
45 22
46 13
47 41
48 1
49 24
50 12
51 35
52 22
53 29
54 1
55 38
56 45
57 52
58 13
59 43
60 52
61 29
62 37
63 17
64 21
65 22
66 63
67 23
68 24
69 0
70 51
71 56
72 46
73 22
74 37
75 36
76 9
77 43
78 70
79 72
80 63
81 2
82 79
83 69
84 69
85 17
86 79
87 41
88 28
89 61
90 67
91 13
92 63
93 18
94 72
95 56
96 75
97 24
98 39
99 6
23 21
43 32
89 7
73 66
53 63
11 20
2 53
88 63
83 14
9 84
25 69
20 84
82 71
92 34
25 35
90 37
46 6
63 72
88 56
75 53
0 8
62 73
73 30
50 29
65 1
8 23
99 25
8 33
41 46
8 48
14 20
4 82
26 96
42 84
87 35
93 42
49 99
96 44
69 58
61 64
91 42
27 57
29 66
1 47
60 50
94 34
1 99
64 93
37 22
55 32
52 26
32 6
33 34
81 30
97 59
36 95
44 57
13 32
16 97
45 82
82 15
58 17
12 1
33 12
90 6
46 86
49 76
31 26
94 85
96 6
13 52
44 80
14 55
61 58
0 41
46 32
1 5
5 4
6 23
56 93
23 76
27 49
95 42
9 1
98 65
73 4
40 57
24 79
0 21
88 64
37 94
91 27
29 14
22 14
55 39
21 92
23 28
82 64
30 54
10 8
6 89
68 46
25 37
52 12
30 13
6 58
17 11
66 69
71 26
25 85
77 35
16 31
61 10
81 32
55 84
30 68
76 73
40 73
72 74
84 0
7 22
21 20
41 70
1 33
12 36
98 52
51 73
53 60
0 88
9 90
30 28
9 85
4 1
55 48
87 45
8 63
29 99
73 3
12 53
27 17
19 82
11 71
93 13
47 62
57 86
43 48
65 96
67 57
57 77
35 60
93 9
65 26
34 85
32 61
56 12
17 22
64 69
38 6
9 98
82 53
29 20
39 68
56 4
93 58
38 72
26 43
89 78
38 22
36 3
57 93
49 37
8 29
87 30
64 8
63 89
78 45
86 93
98 64
94 0
62 76
89 67
72 55
38 85
93 23
35 84
86 60
33 27
31 68
98 48
62 87
15 95
63 79
91 41
7 36
86 68
19 46
43 13
18 87
19 92
16 84
41 71
