100
1 0
2 0
3 1
4 3
5 3
6 4
7 3
8 1
9 2
10 0
11 3
12 8
13 1
14 7
15 7
16 11
17 14
18 15
19 5
20 4
21 20
22 0
23 20
24 8
25 5
26 24
27 15
28 21
29 2
30 23
31 14
32 12
33 30
34 22
35 31
36 7
37 33
38 11
39 6
40 2
41 27
42 19
43 13
44 1
45 27
46 30
47 31
48 47
49 46
50 48
51 0
52 22
53 50
54 40
55 12
56 33
57 16
58 38
59 30
60 12
61 46
62 7
63 44
64 9
65 29
66 30
67 10
68 61
69 40
70 5
71 1
72 44
73 34
74 30
75 0
76 21
77 42
78 50
79 62
80 6
81 60
82 31
83 66
84 13
85 24
86 47
87 14
88 49
89 72
90 3
91 29
92 40
93 52
94 38
95 38
96 29
97 16
98 80
99 87
17 95
64 21
67 7
55 18
42 71
87 58
48 2
67 20
8 49
21 22
96 38
18 64
50 15
2 74
37 53
80 15
17 66
91 92
29 98
1 18
88 32
67 62
96 7
88 29
22 18
70 76
29 56
91 37
21 81
78 80
10 72
76 88
17 28
44 67
13 9
60 51
73 84
78 67
85 69
28 95
28 34
33 40
82 33
41 79
18 79
3 19
75 63
61 11
51 57
36 10
1 52
73 36
31 17
6 30
57 92
45 86
72 11
17 38
85 97
10 37
89 50
30 11
34 19
31 61
19 74
2 69
83 31
23 10
40 27
75 56
36 18
74 73
5 24
7 51
7 69
87 70
32 53
74 35
16 31
26 63
66 41
64 12
68 17
39 55
2 70
39 26
76 22
83 27
11 8
44 86
90 50
56 80
16 0
90 54
95 18
49 59
47 57
2 17
89 67
43 50
9 15
89 63
97 47
39 70
9 46
29 12
48 37
62 34
57 28
29 90
27 16
41 75
87 25
20 55
35 14
14 23
11 55
46 23
72 38
61 19
26 74
76 66
94 96
82 93
49 4
33 67
20 72
71 44
49 96
97 17
27 24
7 29
51 67
29 14
59 46
79 48
27 14
52 3
26 72
66 72
19 41
30 57
6 66
57 50
2 42
49 41
36 31
57 7
78 63
53 36
35 27
74 4
5 51
1 72
81 65
84 57
21 89
68 93
73 19
47 36
46 0
92 11
61 84
70 52
84 21
93 45
67 8
85 70
89 95
88 18
75 29
38 64
67 3
99 84
9 58
88 86
31 52
70 83
70 86
27 57
40 76
58 18
59 29
25 36
38 31
82 28
63 15
51 36
86 78
74 0
80 35
21 31
31 44
91 61
45 85
58 76
60 68
23 59
36 34
28 85
72 7
