100
1 0
2 0
3 1
4 1
5 4
6 1
7 0
8 3
9 2
10 2
11 1
12 9
13 11
14 12
15 12
16 7
17 0
18 3
19 5
20 7
21 2
22 8
23 14
24 21
25 5
26 17
27 21
28 22
29 28
30 16
31 10
32 19
33 12
34 27
35 29
36 22
37 6
38 5
39 30
40 13
41 37
42 10
43 25
44 37
45 16
46 16
47 10
48 22
49 23
50 8
51 48
52 46
53 40
54 34
55 44
56 4
57 20
58 34
59 58
60 0
61 44
62 56
63 29
64 19
65 60
66 5
67 61
68 57
69 61
70 39
71 13
72 41
73 14
74 32
75 0
76 41
77 27
78 6
79 27
80 31
81 65
82 57
83 36
84 1
85 65
86 73
87 73
88 74
89 24
90 1
91 59
92 2
93 43
94 55
95 73
96 84
97 17
98 56
99 64
90 53
83 90
74 77
96 82
11 20
67 41
76 49
73 3
58 65
91 97
80 67
30 80
25 3
53 35
49 95
57 39
2 91
0 33
68 86
33 64
79 35
25 32
84 52
45 7
38 40
11 74
70 87
14 3
98 97
52 34
66 55
35 83
94 68
80 49
2 55
95 83
13 74
43 91
48 5
49 52
92 5
97 21
4 25
77 21
92 26
45 59
22 76
92 67
53 91
26 83
72 69
69 9
76 50
0 28
37 63
61 19
35 18
31 92
54 12
47 21
87 16
71 73
60 82
67 35
81 71
49 58
99 61
54 57
96 72
18 1
0 3
67 31
4 66
24 28
79 39
54 28
30 3
41 74
72 36
50 34
91 7
85 46
10 98
47 31
0 64
43 92
74 24
50 93
97 33
19 57
11 95
80 62
64 24
75 30
77 41
40 63
48 70
19 31
13 70
48 78
12 51
30 47
71 36
56 35
16 80
86 38
11 58
16 27
16 49
2 86
75 89
9 44
55 16
90 73
17 8
97 45
46 78
2 15
44 79
95 66
62 84
45 87
54 31
26 10
36 34
4 11
61 80
97 92
69 86
26 23
47 1
50 88
24 77
76 73
0 52
17 25
96 35
4 87
26 8
22 45
27 87
24 23
36 49
43 31
34 97
4 61
11 17
62 48
54 32
94 82
99 20
42 43
90 91
39 76
54 24
28 33
33 84
43 83
86 57
63 22
8 87
77 37
44 59
32 23
25 58
57 8
45 30
22 30
92 91
55 36
41 80
45 48
69 98
73 22
29 6
69 60
32 34
62 9
20 48
10 18
11 79
94 40
7 65
9 78
63 48
72 24
90 66
73 43
82 20
84 89
87 11
25 7
63 60
26 53
25 45
98 93
12 83
11 71
31 73
13 69
94 11
