100
1 0
2 0
3 1
4 2
5 4
6 0
7 2
8 5
9 4
10 0
11 8
12 2
13 6
14 3
15 1
16 7
17 0
18 16
19 7
20 8
21 4
22 14
23 1
24 2
25 23
26 3
27 21
28 15
29 20
30 1
31 9
32 24
33 18
34 20
35 2
36 25
37 24
38 5
39 18
40 25
41 2
42 11
43 40
44 13
45 19
46 28
47 19
48 18
49 28
50 38
51 18
52 22
53 17
54 14
55 16
56 43
57 40
58 8
59 13
60 3
61 5
62 9
63 56
64 44
65 9
66 56
67 11
68 62
69 7
70 19
71 28
72 22
73 6
74 1
75 23
76 51
77 51
78 2
79 32
80 53
81 6
82 48
83 53
84 67
85 59
86 38
87 59
88 73
89 20
90 33
91 64
92 59
93 14
94 19
95 46
96 91
97 71
98 30
99 96
8 31
68 73
83 65
32 4
2 26
22 66
12 28
40 67
23 41
46 58
50 46
2 39
3 18
32 26
66 17
91 57
23 46
44 87
78 96
8 3
38 43
27 98
88 25
34 0
85 84
20 13
58 3
40 41
70 49
48 99
60 2
28 76
3 81
8 36
76 15
40 27
89 49
21 40
19 14
83 81
21 47
96 1
14 77
22 25
97 87
89 85
24 98
20 4
94 56
49 52
85 24
95 48
63 27
49 79
64 1
58 22
41 58
77 33
51 71
46 47
80 22
75 2
63 6
41 13
98 3
21 80
26 40
74 6
38 23
7 86
44 21
65 48
61 78
54 39
69 20
16 29
71 55
79 11
58 12
17 5
2 58
8 80
18 91
88 13
58 26
92 28
98 63
46 30
60 48
95 53
9 17
17 65
14 74
50 60
93 38
87 99
95 59
51 11
75 33
66 13
14 98
27 3
71 91
3 96
13 39
59 8
35 76
60 93
68 47
79 62
0 38
13 65
55 14
53 45
13 28
42 91
47 54
53 28
44 9
4 7
7 79
67 89
45 42
14 0
76 10
97 61
78 50
67 13
64 98
99 60
36 24
84 51
97 76
70 74
26 79
98 5
50 87
31 60
76 66
52 28
60 91
70 18
92 3
51 94
35 95
47 0
27 19
69 43
20 57
84 64
47 40
7 87
21 45
66 20
14 56
45 32
41 24
90 24
84 52
71 99
8 24
80 3
43 96
1 57
98 15
26 9
56 65
88 4
23 89
15 88
97 53
32 85
84 75
60 9
33 98
26 42
37 91
6 71
82 6
3 35
17 57
5 19
71 11
36 81
85 35
84 78
1 68
66 92
94 5
55 34
60 86
36 46
13 61
94 72
32 76
97 29
17 28
61 79
66 58
41 64
5 27
