100
1 0
2 0
3 0
4 1
5 4
6 4
7 6
8 3
9 1
10 4
11 8
12 2
13 2
14 9
15 1
16 14
17 0
18 4
19 13
20 2
21 15
22 9
23 5
24 19
25 22
26 1
27 23
28 17
29 28
30 16
31 6
32 26
33 23
34 22
35 32
36 22
37 4
38 5
39 9
40 34
41 23
42 39
43 4
44 38
45 13
46 6
47 8
48 15
49 20
50 21
51 21
52 3
53 14
54 50
55 24
56 6
57 10
58 29
59 52
60 22
61 18
62 37
63 51
64 61
65 41
66 14
67 43
68 0
69 47
70 36
71 21
72 62
73 43
74 73
75 28
76 34
77 63
78 58
79 70
80 5
81 52
82 6
83 57
84 54
85 57
86 48
87 25
88 1
89 30
90 52
91 73
92 31
93 81
94 3
95 89
96 20
97 94
98 6
99 17
33 43
43 94
48 2
41 66
39 31
5 91
82 11
34 58
70 15
60 42
40 8
79 32
69 35
74 93
97 60
81 22
73 44
58 46
65 72
64 83
23 93
87 30
88 68
94 31
83 79
94 51
99 61
3 74
85 31
59 3
57 88
32 44
12 97
97 17
27 52
49 26
14 10
20 77
96 85
18 83
86 67
70 51
55 73
44 84
0 88
31 43
13 57
71 12
62 43
19 20
93 52
81 6
16 63
66 40
62 23
18 90
36 31
0 11
21 89
93 16
85 22
28 96
14 30
93 44
5 33
35 41
83 86
64 55
54 46
70 3
47 29
38 50
65 80
83 92
28 70
12 93
49 47
52 44
33 67
33 16
84 67
18 11
28 87
34 67
79 91
67 53
15 63
83 39
3 64
99 43
38 58
9 20
61 8
50 33
24 28
1 55
34 66
94 11
26 62
69 20
50 23
12 60
42 36
17 61
93 13
68 77
68 87
22 31
59 86
34 62
87 38
82 99
14 13
47 42
58 87
52 88
35 99
86 46
86 51
62 87
70 89
36 7
26 31
68 10
48 70
3 97
78 97
36 38
59 19
89 48
44 40
68 80
57 31
56 0
20 93
5 50
69 86
19 50
95 57
52 68
83 42
52 96
99 40
38 94
62 40
70 67
62 1
19 65
34 44
92 3
96 60
40 63
95 67
80 35
12 37
32 8
60 74
15 25
50 74
3 50
50 4
62 8
45 68
64 98
96 94
6 59
40 31
36 19
96 77
44 42
90 65
65 5
84 62
69 80
83 87
41 33
43 52
62 44
97 14
45 6
15 95
75 41
29 95
42 62
19 22
6 18
46 8
12 35
13 73
61 47
54 10
90 67
57 37
92 61
37 28
87 72
61 65
81 17
15 14
29 8
61 52
97 96
95 93
91 89
88 87
86 83
82 81
80 76
74 72
70 69
67 65
64 63
62 61
59 51
49 48
46 45
43 42
38 37
36 33
32 31
29 26
25 24
23 22
21 16
14 13
12 11
10 9
8 6
