100
1 0
2 1
3 1
4 0
5 3
6 2
7 2
8 6
9 4
10 4
11 4
12 2
13 1
14 13
15 6
16 3
17 11
18 13
19 17
20 17
21 4
22 13
23 12
24 16
25 10
26 24
27 1
28 13
29 0
30 15
31 9
32 25
33 2
34 10
35 17
36 26
37 24
38 21
39 15
40 1
41 13
42 30
43 3
44 20
45 22
46 37
47 18
48 29
49 36
50 14
51 22
52 21
53 14
54 19
55 37
56 8
57 22
58 14
59 53
60 58
61 46
62 55
63 25
64 17
65 59
66 10
67 63
68 3
69 59
70 15
71 0
72 44
73 38
74 5
75 7
76 1
77 12
78 16
79 5
80 36
81 69
82 5
83 26
84 30
85 19
86 5
87 60
88 19
89 54
90 76
91 36
92 32
93 42
94 36
95 15
96 89
97 31
98 76
99 22
47 9
25 56
75 23
91 16
92 95
26 50
54 98
62 15
60 94
54 29
60 54
73 69
42 46
19 30
13 47
3 98
79 0
93 27
29 68
79 25
82 69
81 24
19 28
7 8
75 25
11 80
37 26
12 24
79 14
19 92
77 91
56 95
24 93
13 49
96 47
39 75
58 92
6 41
23 95
24 14
98 4
2 93
39 56
80 4
51 49
98 85
16 90
15 34
5 13
25 89
46 93
43 69
33 25
88 83
38 55
63 58
29 82
38 32
31 82
41 83
12 0
41 67
3 0
63 87
43 40
6 78
69 41
61 49
35 49
62 44
22 86
91 19
58 18
0 91
79 57
73 34
5 59
49 14
20 90
65 63
24 49
56 70
62 31
95 27
90 67
71 42
15 23
10 44
39 72
63 57
71 88
52 43
31 93
43 59
98 18
81 46
60 30
94 33
58 3
45 3
38 8
73 80
84 41
14 8
20 68
80 48
60 99
74 16
53 30
30 80
79 62
65 30
14 80
42 58
75 15
69 60
75 34
31 77
61 29
67 71
55 42
53 6
19 26
22 73
24 10
47 46
19 16
10 23
28 83
40 76
46 6
79 30
5 91
72 8
27 72
37 31
26 63
99 34
4 61
10 99
28 65
86 13
29 30
94 2
21 6
28 78
0 99
97 79
55 43
63 61
96 57
89 5
0 84
60 52
70 4
5 80
98 60
79 45
41 86
67 49
75 29
52 25
88 66
93 36
96 76
95 78
26 28
25 9
81 20
63 12
72 3
9 34
68 97
71 75
8 53
76 65
0 52
17 8
20 56
17 83
68 94
29 52
66 58
42 85
84 47
64 52
88 98
63 3
6 45
85 49
17 32
54 33
38 16
18 66
21 92
60 84
73 79
91 18
55 48
66 26
38 25
99 97
94 93
92 91
88 84
83 77
72 71
70 69
68 67
66 65
62 61
59 53
52 49
48 46
42 41
40 38
37 31
29 26
25 24
23 22
21 15
14 11
9 7
6 4
3 2
