100
1 0
2 0
3 2
4 1
5 4
6 5
7 6
8 5
9 4
10 8
11 9
12 0
13 9
14 9
15 8
16 5
17 9
18 12
19 6
20 5
21 0
22 18
23 11
24 8
25 6
26 17
27 3
28 9
29 7
30 0
31 11
32 31
33 17
34 30
35 24
36 35
37 25
38 14
39 6
40 26
41 6
42 36
43 27
44 16
45 16
46 29
47 33
48 20
49 9
50 33
51 6
52 7
53 45
54 52
55 21
56 36
57 39
58 10
59 31
60 40
61 59
62 42
63 12
64 33
65 43
66 63
67 4
68 11
69 12
70 25
71 55
72 26
73 17
74 30
75 20
76 40
77 28
78 24
79 74
80 23
81 21
82 47
83 60
84 42
85 72
86 34
87 68
88 12
89 47
90 35
91 72
92 38
93 33
94 79
95 37
96 77
97 13
98 37
99 98
51 8
18 57
88 68
73 77
80 10
44 51
8 84
30 32
83 12
92 39
38 41
46 40
45 27
91 55
25 67
66 11
93 29
76 0
42 24
14 51
9 84
17 68
81 99
42 9
71 46
9 73
92 33
45 40
66 94
23 43
3 59
93 96
63 50
78 59
86 33
20 16
99 11
9 48
79 65
62 95
1 36
34 64
59 74
62 3
44 21
23 88
68 28
2 53
38 45
10 32
17 53
36 76
5 91
88 18
37 62
92 73
64 0
66 80
44 78
88 6
88 9
76 1
46 99
61 82
42 65
38 31
91 47
59 52
67 90
90 86
41 34
86 98
68 55
83 25
29 97
31 9
90 19
51 37
18 95
75 64
56 58
35 61
69 53
34 76
69 22
14 39
14 83
5 74
4 0
16 55
2 61
7 89
55 41
62 74
80 61
52 49
18 58
47 21
77 49
78 52
83 3
63 86
31 17
95 64
29 94
48 88
65 2
55 73
46 81
49 78
88 62
99 19
95 58
56 14
0 8
46 43
33 89
56 1
33 12
64 27
85 22
82 26
92 10
54 90
8 99
23 19
74 34
69 17
76 7
30 17
65 97
97 25
61 30
48 92
43 86
77 43
14 59
80 35
88 45
99 74
30 28
63 37
37 87
91 20
77 89
75 38
69 59
2 69
86 88
33 54
1 18
60 78
85 30
88 24
37 99
36 62
4 16
56 60
78 15
60 36
7 75
42 68
40 10
73 0
77 38
67 99
94 12
78 96
84 20
3 20
9 63
49 68
60 87
98 83
3 45
88 17
8 64
18 97
52 75
85 65
60 17
1 86
45 49
53 67
52 84
66 55
0 87
21 99
93 42
95 26
89 75
39 91
28 65
82 93
60 93
23 63
59 6
74 63
79 85
51 25
82 13
97 96
90 89
85 84
82 81
80 77
72 70
67 66
65 64
62 59
56 54
53 52
47 39
38 36
35 32
29 28
26 25
24 22
20 17
14 13
8 6
5 3
