100
1 0
2 1
3 1
4 2
5 0
6 3
7 1
8 7
9 2
10 6
11 8
12 1
13 0
14 13
15 4
16 7
17 10
18 13
19 5
20 15
21 20
22 1
23 2
24 19
25 16
26 7
27 8
28 18
29 22
30 20
31 24
32 4
33 4
34 5
35 24
36 11
37 29
38 28
39 13
40 30
41 27
42 18
43 41
44 40
45 43
46 36
47 23
48 32
49 48
50 12
51 15
52 6
53 29
54 53
55 34
56 49
57 30
58 40
59 57
60 40
61 44
62 40
63 43
64 13
65 12
66 4
67 62
68 11
69 65
70 10
71 48
72 67
73 22
74 23
75 22
76 42
77 47
78 72
79 13
80 26
81 42
82 36
83 77
84 38
85 25
86 33
87 22
88 51
89 6
90 29
91 79
92 25
93 43
94 42
95 43
96 27
97 53
98 23
99 87
24 38
74 53
11 23
62 56
82 1
84 65
55 43
32 93
52 85
16 81
45 73
55 33
36 51
47 74
25 15
64 38
12 85
74 84
37 96
85 38
30 81
96 47
63 54
19 26
79 95
38 58
59 61
55 20
74 38
7 79
85 14
91 36
92 71
70 4
88 85
91 72
61 7
87 78
73 14
45 47
98 51
52 40
75 63
26 65
41 83
70 59
51 52
78 7
91 4
83 43
97 71
99 96
94 90
89 87
86 84
83 81
80 78
76 74
73 72
71 70
69 68
66 63
62 61
60 59
51 50
48 47
46 45
43 41
39 38
36 35
33 32
31 27
23 22
21 19
18 17
16 14
10 9
8 7
5 4
