1000
435 5
672 9
212 374
42 53
349 986
857 890
778 821
536 482
211 90
840 836
126 824
578 71
102 719
896 981
502 283
184 609
766 959
728 889
109 979
522 412
380 159
385 979
65 989
546 524
272 658
820 802
75 876
312 902
124 805
960 225
693 406
507 886
958 460
343 932
175 687
622 554
145 125
993 33
400 843
823 861
547 964
758 292
258 991
592 836
79 340
664 857
405 663
186 500
4 244
781 204
426 904
156 457
522 374
312 195
833 559
423 287
115 168
72 602
466 511
756 267
303 622
486 181
622 534
683 746
758 589
35 344
462 632
357 703
137 161
830 193
482 737
298 513
776 382
81 140
339 422
75 130
444 978
20 877
896 964
16 319
270 256
655 784
236 886
130 62
245 846
371 795
45 818
369 266
682 751
345 546
621 163
797 801
295 840
993 81
124 999
144 37
282 102
571 620
378 458
34 757
726 77
280 521
969 784
682 420
81 97
976 252
296 598
155 896
950 896
469 545
232 465
307 211
220 709
509 997
402 372
36 260
60 670
243 612
870 93
599 919
407 10
788 999
139 423
355 498
656 733
334 880
649 466
331 751
807 9
291 28
450 859
375 953
726 42
684 464
487 41
895 941
444 333
282 575
519 6
933 926
442 246
508 686
555 624
623 235
256 722
901 491
820 43
463 510
896 733
115 161
850 115
926 6
168 732
400 124
69 85
971 621
51 835
508 866
223 70
584 617
112 518
464 527
800 18
949 150
208 851
931 888
168 6
898 185
324 486
16 288
367 29
367 638
988 955
381 340
295 309
951 481
456 223
788 514
415 178
559 536
712 950
189 173
993 328
467 174
839 141
560 834
676 205
505 192
867 360
959 517
297 716
978 699
862 556
409 635
50 689
719 347
640 285
496 352
693 347
697 533
585 152
898 825
204 404
279 109
506 633
978 227
31 490
603 368
75 765
312 770
271 321
548 321
990 456
763 169
332 974
36 359
602 183
565 815
271 124
10 268
440 638
855 783
304 241
968 438
600 394
567 479
80 369
438 729
139 72
144 785
999 801
348 250
354 946
554 435
829 460
691 21
60 256
972 402
156 192
147 271
324 844
448 250
868 769
589 227
240 867
766 23
596 612
369 232
745 562
391 22
79 340
376 792
521 733
811 131
739 471
771 713
590 849
106 963
507 818
273 456
3 34
613 898
869 367
108 280
127 733
349 470
739 981
651 862
484 871
610 682
742 263
144 382
72 395
981 130
853 282
275 222
214 462
453 756
353 378
547 314
237 541
341 204
195 261
563 997
574 76
923 255
667 374
586 773
729 424
169 0
530 706
905 599
280 358
591 948
496 814
496 270
58 961
373 177
406 534
408 423
119 222
973 402
108 630
514 334
442 290
558 107
378 755
517 489
993 577
121 579
434 450
986 108
141 649
215 84
612 742
834 474
264 628
680 259
71 293
326 690
561 520
828 701
958 252
629 438
617 905
901 727
999 45
793 284
696 165
754 476
77 143
914 856
896 590
932 10
390 701
936 47
815 610
772 805
756 548
659 373
256 686
754 801
48 929
285 999
498 653
134 787
177 80
582 840
494 524
825 408
616 933
734 471
373 560
684 171
142 253
318 814
918 934
879 522
11 549
862 899
123 449
595 440
424 633
872 378
900 550
664 827
629 517
730 40
938 811
310 559
227 630
510 625
428 322
222 656
602 329
541 498
748 753
249 852
690 746
950 374
913 501
823 973
829 629
75 452
917 569
561 537
835 968
587 862
297 835
391 685
188 741
40 723
19 742
153 693
64 499
930 821
581 663
408 37
233 222
137 234
904 20
781 754
734 281
598 926
420 367
664 408
0 42
537 981
882 990
849 844
681 853
643 221
681 630
722 691
663 838
28 370
946 626
714 240
628 234
677 71
703 520
98 873
552 678
223 227
319 547
19 754
692 510
529 168
331 457
877 983
897 135
293 652
268 157
920 141
453 228
546 667
793 781
22 384
164 867
130 674
628 788
406 262
147 184
692 877
149 248
593 17
237 87
850 336
196 996
32 408
738 950
708 209
314 718
666 174
674 224
34 267
848 169
458 743
789 810
716 803
365 483
238 154
445 64
797 262
579 871
880 329
570 952
74 225
178 99
672 593
195 924
535 174
947 506
343 319
450 243
802 628
397 378
348 336
344 761
844 775
426 486
410 920
852 873
534 691
466 948
71 171
920 369
17 124
493 119
749 765
411 389
132 783
292 677
916 349
702 714
913 162
904 690
268 637
450 732
424 807
448 257
407 954
791 55
328 260
230 129
156 706
694 144
660 381
306 421
868 679
839 563
819 198
341 41
472 720
963 718
150 573
310 227
968 288
114 516
333 677
527 494
692 900
269 874
449 716
455 480
854 944
172 332
130 949
56 309
365 777
263 640
385 309
843 480
314 348
232 985
934 265
478 504
582 20
462 284
643 957
484 128
425 39
859 198
326 670
924 44
35 305
6 235
938 464
134 730
478 326
305 175
157 719
133 238
273 875
819 975
962 41
663 380
613 308
918 927
256 897
358 936
18 646
769 509
439 445
649 504
266 734
621 252
569 824
802 224
404 992
763 625
622 831
674 435
298 871
91 841
494 270
479 296
515 130
382 288
202 859
67 186
968 28
900 298
642 522
71 230
457 882
830 860
31 999
435 807
704 473
620 851
706 974
215 4
692 4
543 931
690 996
925 496
998 417
7 560
584 846
891 504
487 115
708 23
30 745
972 352
663 168
0 709
418 831
815 916
511 932
10 414
671 815
13 922
790 443
220 118
443 677
671 766
782 66
197 90
537 381
276 388
456 46
911 975
736 963
878 385
162 82
993 209
225 708
29 905
303 460
853 932
132 702
105 688
463 176
282 373
122 131
131 772
265 634
769 265
747 905
908 457
951 647
563 212
768 868
643 579
713 235
80 282
145 936
386 743
408 563
169 168
896 587
465 689
860 755
598 955
227 297
353 70
621 481
352 663
788 997
905 314
341 984
367 929
580 285
947 697
827 724
708 380
970 534
350 17
536 683
687 646
776 51
213 214
380 265
225 635
614 449
766 564
657 387
921 439
252 796
922 72
646 972
818 839
50 850
995 558
597 834
186 216
483 343
720 883
756 960
268 742
956 238
426 763
998 772
638 518
833 230
409 315
331 186
683 875
776 169
622 207
43 902
209 827
42 501
66 708
310 101
698 66
936 190
453 126
597 99
199 708
11 881
351 458
937 405
855 615
858 402
569 156
178 424
363 54
455 925
772 257
456 912
508 990
913 336
303 909
197 89
122 907
858 942
804 757
688 839
966 411
17 877
203 45
994 113
784 441
88 928
804 690
388 177
489 970
159 428
240 552
550 964
401 74
6 134
960 92
96 671
40 351
854 162
796 51
123 127
840 788
191 628
564 296
185 712
232 678
146 562
449 16
184 558
514 609
847 39
419 288
577 358
654 955
95 185
148 284
14 44
739 23
259 523
107 89
150 381
363 626
962 698
960 899
211 766
47 600
942 123
30 391
932 114
502 7
726 122
267 490
346 223
489 746
260 532
545 999
437 56
145 862
480 421
871 947
591 427
295 64
865 129
303 603
799 540
322 875
42 334
137 435
943 744
435 38
34 95
910 664
141 114
291 867
610 561
733 591
220 304
418 767
602 441
320 707
884 997
672 328
747 299
655 865
964 767
951 281
990 844
930 686
807 538
506 256
946 462
771 138
0 135
208 851
752 582
914 476
594 725
417 467
331 355
851 804
631 941
758 755
765 888
313 983
22 852
454 689
678 770
346 554
777 431
275 808
287 774
64 592
359 353
733 693
703 601
28 215
738 777
844 341
704 662
332 787
937 1
520 948
417 674
867 200
517 175
627 814
757 371
313 587
528 46
829 561
874 435
437 297
224 181
446 456
161 672
17 285
127 558
703 249
828 47
789 325
461 439
248 375
562 763
930 717
651 843
483 367
532 305
175 992
281 97
846 750
626 535
455 933
616 691
131 56
725 135
320 728
0 599
667 41
942 943
780 292
929 880
541 199
45 220
667 198
741 661
499 134
298 249
445 940
220 712
13 369
478 795
652 416
277 79
794 390
801 240
911 257
179 606
349 433
861 914
696 10
420 57
245 439
641 248
421 824
107 501
627 956
966 204
881 239
782 831
455 693
404 588
668 340
479 747
234 678
276 685
165 676
559 421
468 867
527 330
903 154
461 979
382 970
940 625
816 828
58 608
689 446
965 333
865 702
407 905
12 724
898 620
796 260
220 674
873 449
900 193
985 163
986 936
399 42
258 562
767 47
473 544
400 977
462 50
96 710
306 614
227 389
328 783
372 458
733 367
986 658
136 244
404 434
43 302
109 299
311 847
536 273
604 353
4 159
278 987
288 244
480 284
695 120
485 134
982 695
641 539
121 60
484 411
480 999
710 916
799 383
492 736
2 120
913 274
5 870
477 576
817 799
177 354
201 389
800 657
96 761
0 360
252 289
142 134
678 618
949 586
351 773
551 517
196 734
529 51
459 264
843 689
947 466
926 448
695 604
123 992
363 274
842 997
821 415
200 358
77 467
863 480
453 485
745 518
560 585
941 84
454 419
520 151
447 146
437 142
803 77
925 387
592 216
399 483
291 240
97 873
901 706
12 782
543 168
467 940
885 291
340 885
503 785
525 400
947 360
959 796
236 657
895 19
357 45
919 856
438 915
649 824
990 264
212 700
134 132
252 933
324 355
166 279
972 913
312 190
560 868
29 747
522 182
671 863
836 432
731 701
526 48
832 348
776 931
679 155
75 475
708 739
363 353
603 952
191 219
531 272
55 567
966 161
725 518
766 462
724 433
849 987
292 303
38 596
139 909
429 785
92 651
475 469
748 165
187 370
903 991
989 357
327 680
410 280
349 831
749 650
317 897
91 856
326 272
875 448
527 84
215 440
939 638
497 579
165 816
38 499
316 702
22 135
688 431
921 999
50 299
298 34
479 686
96 950
510 891
128 496
853 866
531 7
31 907
846 549
976 464
84 725
14 46
998 38
618 964
843 525
477 673
55 190
491 865
576 60
10 649
699 412
227 742
491 494
336 602
274 835
476 526
806 127
5 753
381 792
621 583
976 932
124 17
643 711
767 763
275 802
508 345
694 380
435 600
974 101
966 771
166 565
473 251
10 537
746 293
667 294
929 88
833 428
265 739
310 819
357 131
289 680
763 858
664 969
524 249
796 220
417 470
808 60
527 910
594 164
507 236
976 601
511 359
172 811
515 328
136 956
331 121
330 599
7 870
81 89
822 823
781 124
81 876
402 359
750 7
13 102
130 813
789 999
661 197
83 866
209 46
882 24
683 157
727 397
944 20
105 830
97 748
265 195
375 427
195 677
774 918
715 616
182 592
833 306
53 600
957 962
269 199
858 569
772 287
326 436
503 524
216 55
997 54
649 843
401 53
603 176
616 395
812 291
599 437
363 769
461 274
953 65
319 442
306 278
702 127
633 42
522 319
422 796
794 439
115 146
537 73
690 359
83 30
40 422
725 260
645 44
991 466
697 473
997 550
80 743
401 869
319 521
731 611
660 773
33 830
241 506
278 255
664 50
446 320
408 505
328 278
14 787
506 648
965 969
744 181
518 508
198 882
400 672
144 801
96 90
152 443
169 170
880 551
542 897
683 15
954 604
56 833
694 702
631 428
547 841
145 798
635 349
403 84
124 655
43 890
692 171
321 830
13 690
663 369
322 389
433 517
376 319
709 631
222 726
564 30
52 481
391 938
663 147
106 837
835 550
651 653
63 169
451 215
828 298
923 365
254 420
896 369
89 610
712 671
852 137
922 502
865 473
185 271
522 636
889 940
853 566
736 50
913 42
438 319
990 451
229 819
768 376
640 67
789 941
991 457
537 9
786 109
40 338
753 718
556 386
90 873
211 109
170 449
106 800
610 188
403 803
571 668
258 559
986 531
900 9
812 261
478 877
690 57
19 210
630 584
662 84
748 68
923 821
682 946
810 586
831 312
572 468
879 727
363 35
44 689
926 700
918 315
482 76
476 676
273 19
352 756
742 874
447 117
575 604
510 725
137 464
869 713
431 84
367 859
99 883
168 29
171 776
581 539
205 448
511 973
314 404
336 130
14 716
283 21
134 332
240 554
736 90
829 761
502 85
997 698
171 871
213 16
195 796
465 686
63 345
675 220
654 629
524 953
149 730
648 810
416 28
142 850
333 904
221 711
0 334
616 155
505 152
699 496
975 416
730 658
208 877
8 337
742 502
566 196
411 524
879 206
293 476
730 131
298 466
487 347
588 511
32 102
214 508
698 527
613 244
881 241
984 493
94 476
144 55
476 72
200 643
774 791
605 948
803 327
606 761
794 566
988 936
326 4
971 708
226 612
231 680
84 10
600 650
726 261
550 328
480 662
844 557
103 527
368 820
377 685
177 571
446 518
23 762
48 691
367 329
251 102
916 453
485 13
502 802
222 85
870 681
665 439
567 508
577 981
23 317
468 653
347 34
779 357
998 931
591 973
346 826
85 815
108 25
843 378
116 727
448 210
370 923
175 881
714 39
908 9
608 213
613 679
164 693
105 225
543 861
60 632
732 543
921 991
383 102
950 561
312 16
947 606
673 101
866 166
323 965
208 299
645 310
266 707
69 220
721 436
699 238
902 598
469 239
21 788
573 2
630 754
172 517
79 688
803 758
154 45
484 88
213 492
69 103
773 274
860 615
89 581
315 320
268 726
381 453
787 903
167 519
851 894
743 302
860 536
664 744
432 606
116 888
491 994
872 184
44 26
611 46
259 780
30 274
352 376
348 158
354 353
627 844
565 643
137 67
770 6
544 962
290 657
155 979
227 879
614 913
233 549
296 617
933 753
540 612
714 796
115 83
938 921
75 529
900 899
299 557
961 10
740 748
410 422
25 250
875 794
927 290
939 98
645 881
321 236
765 423
624 354
968 853
43 614
942 63
761 61
171 42
65 764
690 567
383 941
102 646
997 842
299 499
274 592
441 284
142 630
849 785
475 3
645 586
429 786
115 612
339 865
747 332
155 565
908 249
609 375
394 6
792 961
203 477
374 481
252 220
12 909
136 635
956 733
537 612
169 876
804 441
201 623
153 185
174 411
617 668
152 546
358 49
268 999
293 318
840 821
238 440
218 726
353 290
420 362
533 220
753 639
493 951
255 779
729 880
25 806
988 224
624 721
353 66
51 664
670 130
248 96
404 511
952 449
724 529
190 364
51 787
312 453
214 873
540 969
22 555
92 705
941 816
506 821
935 131
340 474
378 97
648 84
501 72
848 299
164 602
511 122
393 895
994 523
236 902
744 243
148 740
146 540
196 706
91 253
494 283
703 580
250 147
272 108
752 872
244 670
601 773
512 956
193 954
712 297
912 332
547 746
211 3
907 671
391 662
890 290
831 656
247 254
120 134
326 672
483 687
171 513
235 914
823 138
850 722
784 655
696 317
517 556
924 72
687 226
664 220
97 394
64 76
905 288
11 284
428 409
920 963
165 693
938 505
406 397
372 769
596 773
829 624
463 779
397 523
439 589
6 324
888 95
627 822
950 330
251 260
513 469
206 165
722 808
382 362
227 219
416 142
43 123
216 309
911 901
856 717
306 993
944 759
709 695
327 206
198 629
256 430
357 934
949 286
122 931
120 990
600 126
148 57
229 82
48 84
495 980
259 4
391 180
752 211
873 492
508 340
418 311
163 682
720 155
973 92
877 783
118 28
684 845
785 554
954 104
357 5
830 223
256 594
568 56
798 210
445 717
770 400
673 42
170 632
363 468
255 505
308 603
274 979
71 240
680 257
730 983
575 48
635 318
406 318
500 332
856 251
584 874
225 490
850 909
695 105
756 945
193 900
973 670
835 853
186 335
336 175
774 790
62 710
336 161
541 568
579 623
119 246
161 819
705 339
959 319
680 59
317 298
981 805
786 178
809 433
331 714
961 586
980 101
130 813
941 816
909 752
70 19
756 275
634 896
387 521
367 162
935 464
620 911
666 140
930 119
548 23
571 146
19 300
350 500
499 751
360 276
110 126
659 152
686 138
866 682
29 862
315 142
651 230
971 601
23 561
853 835
668 496
739 581
814 580
810 107
74 499
314 459
129 986
740 844
628 540
385 111
545 65
601 849
964 31
25 238
790 789
635 135
426 818
746 613
514 530
658 91
390 576
348 423
772 685
655 224
896 151
88 209
654 986
146 804
458 474
990 528
158 326
628 483
356 423
608 200
751 910
677 906
678 273
892 294
785 701
350 509
297 213
437 735
467 121
55 208
254 191
882 350
656 214
945 0
892 549
13 776
494 464
35 466
708 539
164 394
911 692
784 97
759 556
426 241
59 982
111 644
878 207
54 928
890 996
600 589
504 774
497 692
637 0
77 665
23 151
707 138
734 185
517 782
947 102
125 199
899 794
73 63
244 208
224 334
205 943
179 322
282 625
364 220
590 535
873 113
935 653
113 950
934 260
45 299
579 938
520 577
964 595
127 315
854 651
586 904
714 33
848 503
129 166
46 296
536 235
520 977
645 702
342 503
143 509
416 664
209 232
402 39
998 859
160 567
366 465
426 622
672 858
705 964
93 957
744 793
755 854
275 345
63 737
138 611
385 196
743 589
283 584
547 97
498 424
709 491
659 353
2 105
431 56
613 97
167 670
120 997
39 655
673 450
110 205
14 788
508 161
864 674
347 523
931 744
615 684
4 288
117 11
673 839
454 268
828 590
165 506
760 958
140 966
522 202
563 444
496 544
601 189
365 16
928 887
651 763
116 470
486 124
948 503
135 522
944 895
54 220
104 655
639 411
859 659
158 754
397 965
130 849
351 358
709 509
186 470
97 729
3 454
60 657
121 29
132 265
746 871
532 793
753 383
301 291
666 342
69 211
692 201
523 494
933 518
64 867
921 878
711 724
803 869
77 349
666 885
425 740
205 782
612 855
679 681
106 48
659 967
551 212
552 598
347 415
821 188
502 233
357 705
203 123
485 417
168 770
609 775
20 499
490 779
680 789
114 925
694 897
77 550
204 597
233 477
306 812
766 976
991 399
511 446
895 511
847 811
631 423
956 868
23 62
303 342
807 739
345 435
90 727
31 932
429 758
215 447
248 421
912 34
387 661
5 669
466 174
434 340
129 636
61 946
456 101
486 87
96 457
863 467
916 792
275 496
481 471
498 467
965 746
700 34
762 355
361 151
124 49
71 923
503 497
985 121
454 302
557 479
9 37
806 845
633 345
87 304
59 128
361 452
856 328
533 809
106 450
861 929
860 568
23 951
982 534
97 592
527 340
821 37
712 809
510 495
671 337
41 281
129 24
645 386
261 605
211 943
512 591
317 916
419 763
802 284
174 587
272 196
209 63
929 204
709 600
510 581
598 471
150 955
443 610
168 491
20 759
867 142
971 903
349 540
955 716
953 914
772 162
599 724
356 369
807 442
390 145
837 751
911 484
846 676
283 583
697 233
884 200
367 221
147 145
875 312
644 355
291 887
958 891
924 936
504 289
600 953
173 443
187 957
544 214
634 142
264 197
10 715
509 735
846 275
944 348
833 296
134 384
495 381
646 303
472 856
718 679
381 784
209 24
65 511
51 438
968 80
546 541
530 145
143 892
488 242
627 66
854 628
914 876
215 811
578 76
756 652
940 475
5 503
954 367
341 405
135 437
153 370
794 440
585 60
250 871
710 977
10 203
482 693
870 741
482 209
644 68
599 436
92 453
496 22
856 616
464 111
644 817
462 980
334 660
848 138
150 896
142 72
903 709
557 345
948 301
152 847
251 94
904 449
69 941
974 677
163 468
691 278
250 788
382 310
503 235
829 956
332 111
202 392
937 33
855 801
378 467
458 381
87 553
881 761
479 459
391 420
451 945
901 112
377 757
769 41
950 380
545 259
10 781
432 15
463 216
144 126
890 207
14 716
824 39
729 62
682 248
939 460
681 169
942 303
185 564
55 147
810 599
269 150
10 312
602 119
124 664
849 327
811 569
422 234
775 424
137 119
358 162
842 219
627 2
509 498
147 833
624 118
187 916
536 317
795 50
991 894
277 339
968 748
429 209
944 641
594 34
407 772
755 723
989 587
3 30
725 409
366 573
972 728
169 948
2 744
524 370
503 222
219 440
503 813
200 144
502 72
659 878
348 629
810 402
330 859
704 620
955 876
49 166
611 331
196 221
627 271
471 208
562 94
702 799
541 770
109 204
751 839
432 13
249 962
641 711
619 19
970 868
224 827
134 14
238 766
20 641
819 570
244 292
624 366
391 960
330 363
2 703
419 382
235 469
877 587
194 490
927 451
433 494
413 966
116 91
19 305
345 654
802 385
441 958
722 678
477 763
470 281
857 599
66 365
723 224
215 409
852 923
206 707
325 258
760 454
611 679
556 861
364 334
961 933
431 638
678 742
239 624
97 346
592 94
813 20
424 373
145 818
711 443
560 195
671 441
619 554
868 921
456 776
700 696
22 949
31 485
30 823
271 264
11 104
633 899
506 132
626 844
514 960
123 136
357 684
765 345
741 65
277 441
503 356
456 772
811 824
783 89
897 815
860 961
892 922
779 566
595 83
346 237
675 130
8 844
885 556
521 772
54 885
247 519
505 567
466 346
630 472
713 532
591 816
246 525
453 224
6 343
46 331
278 280
138 520
470 814
49 5
881 201
294 749
27 67
358 347
177 891
801 764
268 381
640 457
670 59
901 178
482 599
453 283
768 582
480 162
998 558
175 718
687 728
733 993
504 134
591 799
301 5
955 476
32 420
60 905
434 123
971 904
519 164
679 427
830 909
198 640
158 380
929 535
154 865
227 601
702 518
754 219
919 746
244 17
437 337
443 2
868 629
689 522
814 424
156 635
370 999
219 10
880 440
934 80
666 508
393 22
613 653
857 791
917 328
861 993
491 572
110 788
194 209
238 432
853 962
588 435
859 826
735 201
795 666
46 665
344 569
782 838
61 226
683 963
912 465
540 549
35 469
683 285
654 439
451 555
478 33
600 43
241 16
729 987
63 730
657 531
370 128
313 339
134 333
399 671
801 268
3 374
75 989
564 550
839 488
158 778
752 223
966 468
268 760
164 330
332 273
567 652
105 274
972 611
544 902
239 588
287 265
856 107
509 570
167 640
477 18
320 884
283 588
344 188
605 122
605 973
578 294
401 902
486 726
806 888
660 13
843 328
250 368
525 716
200 598
750 121
648 623
474 795
15 110
908 461
218 567
965 716
602 0
597 335
296 267
943 825
968 818
921 37
18 610
865 89
316 704
80 387
528 150
962 886
20 542
788 886
805 493
708 151
570 489
661 681
367 819
591 798
318 30
802 106
359 909
52 98
249 504
542 197
614 79
770 181
650 437
967 567
988 949
163 238
92 80
103 923
242 581
63 184
69 639
799 887
337 491
70 271
231 918
558 407
648 570
433 705
914 153
429 816
889 208
697 689
838 717
341 781
444 9
909 805
325 815
414 252
760 570
487 224
398 146
729 897
152 559
671 656
354 204
30 705
451 157
822 265
34 1
182 71
266 872
27 830
358 549
369 289
685 828
432 854
550 156
912 739
133 743
956 372
636 421
963 986
442 500
362 140
111 178
802 34
13 176
560 364
960 432
255 719
703 920
647 911
536 485
345 30
711 464
17 715
983 700
258 427
710 709
973 740
789 193
745 212
30 387
803 934
764 931
96 932
893 534
206 661
107 795
358 368
510 628
684 199
35 385
53 61
816 952
807 864
852 143
540 135
235 127
950 644
272 923
324 746
705 958
692 823
446 296
870 291
298 225
647 967
568 164
210 47
278 741
880 296
117 523
385 273
822 222
137 293
270 345
251 224
234 80
576 157
275 915
881 446
91 377
336 915
86 405
59 720
554 732
369 964
94 285
722 556
710 335
946 988
644 645
342 613
592 109
564 191
473 260
519 353
522 867
297 515
501 453
535 626
346 806
960 852
665 917
541 983
275 666
50 846
596 304
155 707
124 51
72 581
208 339
593 908
173 111
409 207
430 810
606 684
152 98
527 520
612 979
244 762
589 743
554 188
677 689
244 785
628 684
834 544
25 192
149 903
158 781
976 872
167 702
128 63
699 415
989 305
953 87
798 245
868 262
448 719
735 55
224 736
25 399
675 222
546 196
500 786
68 278
30 996
762 848
598 881
451 655
714 517
767 441
755 681
648 752
102 933
251 252
206 310
460 340
556 145
917 341
31 349
966 472
467 701
534 136
710 123
920 785
86 646
278 730
916 100
786 603
779 336
999 15
192 797
828 651
515 584
112 253
821 881
167 653
568 90
723 70
882 742
171 861
265 875
527 401
463 296
288 833
7 895
444 496
157 947
489 404
338 963
117 106
550 669
260 539
51 3
409 178
168 169
842 675
579 36
40 373
925 259
772 993
506 314
955 632
926 346
979 663
192 818
635 22
610 112
926 404
86 560
40 757
122 323
375 100
909 561
770 656
815 327
429 226
380 353
3 93
449 97
346 749
125 493
658 688
81 228
317 711
240 17
616 509
607 646
104 14
925 890
742 689
732 59
411 895
669 476
236 489
648 152
254 852
577 132
578 552
907 128
402 492
481 318
530 68
199 977
71 451
229 695
523 96
356 263
622 509
14 203
582 362
185 903
599 686
844 807
747 126
241 484
348 708
481 568
884 808
434 796
115 738
148 1
216 238
382 563
182 589
118 55
993 642
142 774
590 666
287 591
94 267
81 1
970 917
736 685
368 667
904 824
404 731
858 950
359 521
381 336
484 663
420 62
157 960
846 589
682 424
824 762
809 845
605 549
78 624
638 807
317 796
986 11
226 390
791 88
543 931
790 212
982 884
762 578
322 460
673 829
18 112
945 746
782 758
652 266
207 710
868 749
42 715
14 543
110 763
691 958
945 986
770 441
374 178
415 898
753 190
511 973
136 810
577 382
508 748
157 806
965 126
264 262
634 793
614 346
494 994
70 832
779 728
330 6
194 931
667 398
960 695
16 508
3 918
64 174
75 345
154 915
641 991
364 652
10 420
609 334
20 739
953 46
726 684
468 250
916 430
846 870
369 909
773 524
51 429
886 562
227 468
699 816
137 203
895 719
11 461
903 10
558 47
570 112
971 438
170 703
795 43
337 730
259 513
508 500
889 741
787 186
692 957
382 61
759 81
385 645
549 941
992 310
622 500
363 294
185 150
411 84
599 914
818 843
502 884
783 116
955 80
711 951
854 692
404 938
249 402
122 199
353 915
940 482
59 908
803 529
96 492
463 482
337 196
243 791
378 709
340 284
826 677
298 807
409 906
942 167
377 916
746 686
678 455
571 511
389 166
122 23
135 905
798 479
743 343
603 984
463 116
125 965
839 988
365 364
926 117
546 437
774 888
505 776
963 673
862 755
52 290
816 570
281 259
944 812
130 436
257 660
166 793
561 589
841 765
406 45
596 119
194 98
672 655
352 7
594 281
707 256
193 568
589 617
275 788
261 922
643 116
983 829
381 836
144 454
672 456
255 458
722 798
197 792
711 72
845 810
514 967
788 356
898 608
825 932
654 298
454 0
857 582
52 562
870 645
515 903
636 949
303 195
554 668
43 190
611 579
786 505
340 91
120 761
705 107
941 723
307 279
177 165
764 834
377 219
632 37
352 687
261 229
870 448
179 536
700 507
373 936
838 588
246 998
95 806
580 287
327 782
176 226
656 115
604 312
748 248
250 290
656 240
427 990
76 433
989 282
233 745
923 791
728 788
241 878
489 539
85 614
945 685
671 267
674 425
337 552
879 346
750 734
724 146
686 498
482 982
177 522
504 32
559 872
866 727
758 765
238 0
323 294
242 984
943 131
623 304
83 954
728 335
308 712
707 171
943 696
822 632
221 217
898 86
360 483
276 215
572 498
446 189
294 313
466 936
952 824
815 182
522 287
121 953
690 928
13 836
157 864
857 277
419 541
912 468
566 801
292 434
50 309
290 531
798 326
113 740
58 20
890 244
103 157
9 903
41 766
674 494
191 394
980 911
337 0
481 323
689 232
819 618
306 614
872 368
476 933
855 468
984 243
336 214
656 768
746 506
786 199
159 814
934 133
937 824
53 385
537 546
114 670
603 525
42 574
446 431
652 471
953 197
402 754
687 881
22 174
11 924
677 225
596 580
327 735
178 279
260 832
294 702
176 294
717 723
191 996
574 770
785 584
447 243
111 49
83 885
179 232
486 381
211 955
638 245
87 565
276 996
598 663
969 140
620 706
305 206
791 186
586 120
156 516
941 487
622 808
180 868
87 487
98 563
829 317
590 31
550 799
735 703
571 518
936 924
696 402
309 288
306 432
364 343
639 100
93 57
873 855
522 510
451 49
319 32
90 63
250 188
124 662
91 856
548 301
173 822
523 655
475 199
264 478
499 865
137 840
454 201
679 798
829 985
229 439
853 898
9 81
539 515
633 96
793 128
439 44
615 778
741 183
185 149
857 60
791 461
210 777
456 648
784 589
789 78
511 898
724 243
364 523
690 203
70 663
335 437
246 180
550 969
935 644
89 177
846 347
168 555
186 766
483 996
900 469
395 974
672 721
189 10
290 958
654 727
482 850
367 985
304 635
802 929
191 565
898 803
989 929
503 355
633 135
887 511
28 964
133 847
880 660
422 672
971 945
887 292
556 744
744 506
197 235
251 60
191 922
996 707
800 952
874 445
15 11
172 423
966 420
789 659
543 211
177 3
135 83
685 307
374 755
977 618
517 139
113 649
813 347
615 802
502 551
507 49
237 213
155 806
268 540
778 425
469 358
700 788
135 462
264 228
231 275
940 984
328 499
244 504
107 896
116 766
599 742
272 568
993 730
946 571
860 292
396 849
795 397
593 668
881 913
568 648
575 318
89 180
606 523
949 537
80 49
33 849
715 565
515 553
237 763
979 775
776 620
203 771
383 48
591 841
559 740
389 398
15 885
502 558
951 315
827 844
540 94
376 490
706 812
427 707
472 344
837 112
719 612
399 952
259 424
150 365
864 583
984 277
85 625
572 383
340 435
493 9
87 368
279 88
100 491
296 600
954 218
88 439
609 540
9 670
830 547
231 695
596 827
624 479
427 968
92 645
196 851
253 265
682 382
568 301
794 43
530 135
491 80
620 373
719 653
543 614
687 483
648 967
27 798
756 131
791 308
292 218
550 188
562 131
11 263
946 737
450 122
890 456
131 121
193 376
943 501
883 225
992 119
506 445
981 650
798 914
379 252
110 52
916 517
36 606
980 637
317 818
758 122
206 692
523 159
159 618
858 230
683 278
232 895
710 378
210 486
237 890
366 584
825 453
861 701
52 732
619 503
545 113
949 234
504 817
601 809
895 514
561 279
577 925
848 827
723 236
74 665
257 860
704 848
493 820
481 206
672 276
650 813
943 839
31 833
182 112
31 968
656 336
499 320
20 38
46 539
313 741
190 477
83 769
897 476
330 281
953 567
882 446
128 400
325 938
460 49
546 922
467 674
561 964
47 553
820 849
188 799
928 627
924 210
305 632
201 373
48 540
907 888
976 874
453 726
588 44
700 74
771 830
207 248
476 70
303 74
466 702
848 0
344 168
134 670
668 64
49 105
512 822
361 858
868 833
601 673
653 852
951 626
497 636
730 691
672 903
11 259
972 790
116 141
657 771
747 970
141 267
879 562
104 933
241 387
389 425
460 719
719 842
870 802
764 676
980 586
181 413
577 965
555 367
647 653
323 124
347 743
507 464
821 647
738 427
757 829
851 804
679 554
754 982
375 851
741 478
565 68
619 90
914 318
744 443
433 650
471 531
590 11
38 672
90 687
509 534
540 734
366 424
48 49
30 576
244 820
90 706
86 523
131 69
863 136
706 257
698 867
339 504
716 600
526 409
317 844
73 808
30 672
254 719
161 84
835 272
660 604
733 680
517 846
939 341
982 602
777 160
194 104
657 700
30 397
659 932
832 502
694 432
355 826
540 432
401 875
577 175
847 173
572 177
900 590
277 524
529 876
749 770
81 633
416 405
730 18
605 570
139 883
692 742
371 52
534 451
272 606
537 171
613 262
881 795
113 457
791 306
743 806
598 207
216 415
728 629
210 199
404 665
188 740
843 354
367 238
566 632
286 814
353 470
174 896
59 416
510 688
843 141
160 440
676 589
61 992
937 763
501 628
169 603
132 626
812 125
477 472
59 800
59 345
843 943
538 497
826 599
586 564
696 742
772 762
599 29
226 614
771 927
594 578
59 815
460 43
965 373
583 707
13 449
879 137
398 758
754 490
742 760
853 924
438 342
915 917
112 816
598 687
223 289
283 271
49 677
146 817
224 884
556 757
292 861
947 357
634 467
764 476
360 923
647 791
917 35
973 231
477 804
41 693
939 465
440 197
725 661
96 483
499 232
676 464
880 59
101 349
639 782
242 797
110 952
249 863
462 383
171 874
8 243
3 207
913 975
263 938
222 208
269 753
856 363
679 275
425 610
967 297
581 400
771 679
562 320
385 99
279 449
947 813
64 396
748 677
479 148
857 808
980 988
337 11
262 780
21 53
984 860
56 697
404 487
7 905
2 249
241 644
26 769
175 24
613 607
717 584
775 382
199 590
632 3
36 721
333 611
502 24
107 760
944 213
757 965
718 843
864 189
735 512
621 927
190 819
151 44
916 886
776 543
39 244
552 811
790 996
246 8
882 924
284 127
647 542
486 216
8 693
515 899
949 728
338 467
248 246
70 236
435 320
794 86
715 602
141 590
200 578
303 684
866 439
794 831
933 954
473 482
757 504
427 978
634 253
216 438
989 585
210 789
296 551
326 291
258 625
992 91
56 637
706 701
293 186
469 409
666 19
365 442
982 762
472 612
110 830
791 654
389 445
20 136
773 938
74 830
780 911
352 826
264 35
5 341
74 134
813 398
958 824
186 832
217 245
571 968
201 890
328 365
264 529
522 150
161 9
16 431
297 22
589 3
919 982
50 962
171 169
122 277
346 784
624 477
424 263
794 583
76 643
249 346
983 92
838 534
908 91
198 374
273 821
495 335
229 405
456 590
991 197
428 302
333 230
479 295
346 682
719 55
941 248
747 853
680 912
839 464
871 411
590 835
709 908
142 964
186 904
839 600
982 329
203 97
830 711
199 463
750 965
448 290
590 450
831 398
669 796
893 364
992 934
855 15
859 147
682 316
798 0
503 928
417 413
736 142
991 580
601 30
975 968
287 542
429 879
828 253
837 904
320 306
632 797
1 89
533 794
931 453
153 283
864 375
206 177
602 525
63 573
627 915
578 339
227 133
348 816
505 378
792 764
456 634
616 577
788 104
937 385
850 305
987 259
203 547
71 421
728 78
7 283
343 806
216 991
580 582
858 174
408 573
270 737
62 645
367 552
648 902
665 80
310 279
853 286
742 645
770 986
948 138
965 53
548 335
169 306
162 529
375 928
232 511
855 621
984 601
213 12
309 650
700 544
86 671
357 214
59 406
985 630
109 71
914 922
146 678
694 21
134 350
771 389
130 366
620 338
360 992
10 276
588 61
826 599
692 537
869 698
177 293
875 931
715 783
287 628
593 851
710 369
94 421
367 447
460 852
187 862
452 169
606 40
444 173
996 127
295 718
204 490
728 561
104 816
687 377
530 626
993 254
72 133
748 479
441 765
319 648
46 3
374 179
601 808
140 211
760 191
895 852
514 974
216 156
352 925
215 933
253 228
346 488
382 353
350 698
123 368
244 274
683 272
685 992
203 636
734 208
336 247
45 205
15 862
241 741
307 874
973 683
679 651
684 239
535 677
214 840
251 782
170 834
844 813
441 880
421 540
553 34
922 991
319 239
540 763
811 989
618 575
415 523
296 213
176 509
268 721
595 399
899 312
761 304
200 330
667 689
293 377
501 955
440 887
670 220
127 315
62 378
819 924
207 837
992 564
741 73
747 973
149 537
594 31
377 565
855 576
65 92
477 25
786 962
785 688
995 771
185 848
19 69
24 657
292 450
144 126
722 355
549 210
516 997
416 2
530 535
665 77
988 810
52 630
777 279
213 872
349 556
619 424
681 223
568 807
798 48
406 277
745 107
83 526
505 563
982 936
668 232
119 131
693 705
290 463
128 714
212 1
748 807
268 797
511 303
571 229
573 249
772 600
905 369
892 667
770 588
562 891
879 7
215 280
243 763
111 380
489 596
494 273
264 116
132 182
567 12
1 802
594 316
920 295
83 366
519 216
201 142
853 802
92 628
19 806
246 63
555 885
59 11
844 522
745 44
315 91
48 16
274 168
203 297
988 802
341 232
910 405
52 634
664 470
265 207
650 932
782 325
647 738
789 801
916 227
559 149
993 141
738 346
726 222
481 600
791 745
832 49
104 970
541 297
570 341
600 976
515 762
667 293
297 308
921 516
320 628
426 713
574 978
870 819
774 12
109 713
161 277
245 919
582 831
99 434
874 696
528 319
832 72
821 224
267 873
335 382
758 462
563 687
346 604
714 337
128 627
902 388
930 756
243 204
78 980
462 989
306 736
369 228
432 215
356 28
11 403
861 502
696 239
625 791
614 473
480 213
558 161
308 898
898 48
537 879
537 738
974 898
9 20
779 664
156 5
49 834
323 904
13 32
475 737
657 787
806 336
646 488
399 729
658 360
145 392
144 671
460 89
768 707
238 25
234 404
722 3
754 986
789 312
917 650
803 589
66 913
566 441
170 646
583 67
592 92
506 159
74 885
790 34
909 799
2 553
403 307
537 694
312 224
78 834
977 212
320 371
659 131
7 759
129 965
972 287
310 292
844 509
206 115
782 85
777 527
408 471
960 665
37 603
606 650
25 371
215 814
722 732
875 257
817 868
524 244
287 333
555 792
360 560
62 241
874 979
805 236
686 451
128 520
350 466
578 312
629 577
672 784
370 886
666 323
20 23
913 747
230 213
7 664
188 722
473 879
372 938
856 92
598 733
51 743
76 107
85 507
682 566
541 866
502 971
481 858
712 825
505 250
75 815
58 437
146 546
704 957
187 996
721 672
295 86
401 151
911 974
0 185
296 809
773 260
135 82
110 244
990 808
237 153
333 524
628 437
768 975
361 443
911 192
866 721
17 460
202 758
887 772
490 652
639 706
200 206
870 211
643 11
436 245
419 201
148 426
589 946
488 819
109 833
664 654
594 693
84 16
38 541
221 747
995 675
664 985
206 777
634 334
782 685
892 697
629 352
824 219
382 650
889 446
757 680
423 462
258 174
64 803
901 293
976 981
291 53
673 446
607 883
867 171
577 748
429 939
26 872
377 581
13 871
963 78
88 975
154 80
752 67
661 860
584 917
775 865
970 20
292 857
987 214
633 858
203 687
958 122
866 552
711 2
156 416
150 652
445 957
923 181
333 596
436 203
837 364
996 254
784 295
175 123
890 841
84 788
844 918
769 864
669 351
858 521
450 254
459 921
350 892
208 67
394 889
355 48
190 428
918 830
125 455
892 298
149 508
844 567
628 642
158 36
163 959
659 2
839 391
808 787
930 907
75 20
926 787
100 971
98 500
573 433
738 378
986 936
362 55
873 53
683 993
899 559
901 496
257 269
707 660
63 860
585 243
955 599
513 664
534 292
97 421
937 941
445 881
937 156
659 210
388 725
50 172
793 167
257 880
435 843
310 70
998 859
284 66
704 875
962 858
129 115
627 981
139 723
520 485
346 437
15 102
252 679
527 924
905 533
665 912
819 298
608 395
839 728
673 649
882 82
204 551
229 657
888 85
945 996
706 101
523 894
150 153
560 83
596 744
209 402
596 273
472 532
193 933
297 355
618 937
154 292
220 17
970 741
984 902
621 478
627 129
5 652
32 277
218 241
39 112
171 125
114 905
858 768
362 835
484 28
85 873
190 559
875 671
97 310
484 679
165 779
963 577
401 792
181 520
137 217
314 196
422 693
683 66
546 917
610 901
224 211
612 888
448 348
865 1
240 598
58 912
723 490
442 629
158 506
942 20
93 476
748 124
74 84
343 531
238 989
520 723
726 481
598 792
446 420
631 503
241 220
300 904
462 83
833 197
820 539
545 624
655 704
662 864
279 57
622 388
704 191
870 878
780 44
227 264
698 45
84 146
146 784
713 794
94 134
718 97
99 666
976 156
509 55
182 976
790 77
241 197
446 28
203 860
28 38
667 672
291 41
176 656
125 995
841 675
556 604
483 802
203 678
234 161
168 224
621 629
61 806
902 990
802 210
72 894
924 54
639 625
985 175
435 563
569 515
838 627
454 726
244 953
903 621
777 267
796 782
917 21
743 240
611 402
515 733
558 292
461 409
444 839
181 193
206 641
354 926
805 396
841 367
638 210
135 361
375 336
241 658
39 987
107 329
593 973
181 928
89 456
919 170
21 185
230 668
444 862
868 119
10 496
379 836
994 673
626 774
690 479
886 51
58 655
233 131
996 954
839 903
165 642
187 842
618 301
686 715
348 961
576 913
28 30
204 357
910 519
904 771
970 512
458 128
134 273
811 613
469 169
416 50
546 787
275 611
509 660
646 902
460 842
280 843
99 246
797 82
740 450
217 120
919 220
877 209
891 456
209 767
922 593
991 897
288 417
502 636
180 956
916 685
294 857
682 437
423 984
436 387
963 996
102 157
569 105
271 567
793 39
825 737
924 389
414 124
408 654
836 309
297 591
890 833
480 870
40 903
200 676
642 760
891 283
357 482
912 409
712 360
936 843
460 939
332 306
556 284
48 432
541 22
43 771
231 224
12 977
673 921
646 58
88 242
204 145
984 543
973 187
257 861
489 365
867 661
297 937
97 879
666 513
914 576
2 842
667 980
265 450
29 923
153 763
189 920
414 157
30 708
199 750
904 39
50 821
188 279
195 259
502 583
245 456
201 121
854 515
990 915
119 458
76 126
746 29
41 457
898 135
559 570
429 413
871 453
813 164
73 970
634 526
569 187
761 997
100 947
280 142
120 911
166 472
303 552
591 786
620 655
686 31
587 615
473 21
837 39
336 441
545 301
958 844
572 691
38 217
65 164
6 884
449 679
319 323
548 851
778 248
966 937
812 126
906 29
26 775
473 717
461 948
380 519
847 636
629 439
764 466
586 862
546 515
306 987
232 501
605 126
634 281
319 287
27 746
677 539
160 603
46 855
755 836
834 26
646 398
894 327
411 457
142 608
690 164
721 99
395 13
89 801
759 692
311 177
826 564
626 657
844 250
913 669
35 484
308 125
169 82
430 779
884 895
901 346
800 8
856 176
479 203
159 796
929 370
455 944
83 309
659 7
964 923
107 679
739 41
48 128
722 536
309 803
69 371
375 780
331 718
862 696
987 752
505 455
128 537
429 266
517 780
263 85
209 101
508 318
468 524
239 652
832 208
579 928
56 637
997 814
371 862
403 453
241 178
718 738
508 810
123 713
737 649
445 180
572 330
45 121
671 950
2 287
515 691
505 401
324 37
141 705
648 160
175 821
208 291
783 182
478 630
352 219
469 300
671 698
244 57
428 591
770 829
608 427
267 79
53 605
753 379
185 683
963 252
194 434
313 985
418 209
261 635
620 418
979 437
565 145
121 811
907 138
695 531
649 78
624 998
16 270
711 455
111 870
762 986
756 875
986 38
968 21
456 963
503 181
889 52
525 87
675 774
729 745
373 103
805 778
98 359
499 739
46 401
649 689
623 546
758 80
4 913
490 449
825 61
457 444
417 426
336 390
194 387
310 900
324 545
284 606
545 242
621 372
590 434
662 12
448 813
862 209
288 650
383 533
471 881
451 568
298 85
263 901
230 779
290 924
484 961
54 114
878 239
750 154
616 512
558 295
527 913
742 151
549 225
71 929
594 823
163 703
564 503
336 796
343 381
357 871
557 655
420 174
320 622
918 259
978 221
177 962
179 560
669 176
610 654
618 5
706 127
899 730
167 447
597 860
126 672
152 750
64 123
484 786
22 55
885 513
198 936
208 597
284 569
179 982
953 722
544 553
600 122
353 562
11 701
957 291
986 958
609 954
723 454
416 271
346 971
323 474
307 457
457 289
562 980
840 223
138 283
769 310
962 478
183 982
400 49
408 938
50 366
410 954
576 206
863 899
627 712
881 432
441 760
470 804
678 97
220 229
635 131
221 394
346 733
828 142
887 155
878 458
0 465
130 302
750 157
97 208
529 968
133 674
984 293
93 152
630 152
935 39
653 848
549 863
711 686
80 657
239 131
663 898
43 37
953 974
93 338
454 940
309 642
561 136
792 401
680 812
972 410
242 181
544 804
591 500
712 369
131 778
735 922
236 474
987 635
911 882
269 21
782 361
301 670
580 474
969 98
838 344
718 781
499 799
765 214
821 913
751 510
222 918
897 798
843 194
385 156
468 490
6 174
457 430
75 124
814 912
611 826
679 180
718 819
84 806
139 526
758 558
27 213
55 470
36 161
342 786
195 278
744 710
616 869
159 884
813 580
727 835
439 791
347 824
3 459
196 688
498 781
610 347
317 454
496 291
344 281
299 554
330 651
323 111
843 946
869 215
815 745
260 347
202 868
749 724
835 63
250 729
889 800
787 986
184 211
397 496
412 154
759 122
134 763
136 286
718 390
898 499
798 796
898 325
789 1
340 928
385 241
955 236
651 126
542 135
198 256
420 301
408 35
841 51
888 596
702 231
957 828
52 34
301 907
0 1
7 9
10 11
15 17
22 25
26 27
32 36
37 39
40 41
43 45
46 47
48 49
51 52
54 56
58 60
61 64
66 67
68 69
73 75
77 78
83 84
87 88
89 90
91 93
94 98
102 103
104 106
107 108
110 113
114 115
117 119
120 122
123 124
125 126
127 129
130 133
134 135
139 142
144 146
149 154
155 156
157 159
160 161
163 164
168 169
170 172
174 176
177 179
180 181
182 183
188 193
198 199
200 201
202 203
204 206
209 210
213 214
217 218
219 220
223 226
227 228
229 230
231 232
233 235
236 237
240 241
242 243
244 246
247 248
250 251
253 257
258 259
261 265
268 273
274 275
276 278
279 282
284 287
288 295
297 299
300 302
303 304
308 309
311 318
319 322
324 329
330 331
334 338
341 343
345 346
347 349
351 352
353 354
358 367
369 370
371 373
377 378
379 382
386 387
388 390
391 394
395 396
398 400
401 402
403 404
405 407
410 412
415 416
418 420
422 424
426 429
430 431
432 433
434 436
437 438
442 443
444 448
449 452
454 455
459 462
463 465
466 469
471 472
473 474
477 479
483 485
486 487
488 489
492 493
494 496
497 498
500 501
502 503
505 507
509 510
513 518
521 525
527 529
530 532
534 535
539 544
545 549
552 554
555 556
557 560
562 567
570 571
572 573
575 576
577 578
579 580
581 583
585 587
588 589
592 593
599 600
602 603
606 607
608 609
611 613
614 617
618 619
620 621
622 629
630 631
633 634
637 639
641 643
648 649
651 652
654 656
657 658
660 662
663 664
668 669
672 675
679 680
682 683
684 685
686 687
689 690
692 693
694 695
697 698
702 704
706 709
710 711
712 714
716 717
718 722
723 724
725 726
730 731
732 733
737 738
739 740
746 747
748 749
750 751
753 754
755 756
758 759
760 761
765 766
768 773
775 777
778 779
780 781
782 784
786 787
789 791
793 795
796 797
800 801
802 804
810 811
814 817
818 820
821 822
823 824
826 827
831 833
834 837
838 839
846 847
852 856
860 861
863 865
868 869
870 871
872 875
877 880
883 891
894 896
898 901
902 905
906 909
910 911
912 917
919 922
923 927
929 931
932 933
935 937
939 941
942 944
947 948
953 954
955 956
957 959
960 963
964 969
970 972
974 975
976 977
981 982
983 984
985 986
987 988
989 991
992 994
996 997
998 999
