1000
807 139
746 629
923 617
337 914
441 681
772 228
684 14
157 650
312 393
195 779
228 42
436 489
129 476
163 474
560 396
994 937
622 514
409 337
899 823
773 914
990 45
673 129
114 794
200 676
301 356
663 531
979 101
632 48
798 184
954 495
129 778
313 430
247 985
603 86
433 776
464 271
701 841
586 263
255 264
786 532
147 614
520 868
216 723
491 452
174 627
61 286
376 802
576 160
931 23
378 604
700 668
572 346
454 555
287 46
513 250
677 560
531 816
141 855
579 925
159 197
552 301
428 893
926 93
783 23
8 252
350 323
638 75
80 849
305 133
432 975
978 175
32 754
990 824
615 698
148 794
243 331
980 23
327 414
513 412
382 444
216 440
973 275
70 253
340 629
446 38
37 504
504 127
67 961
938 456
60 335
835 26
815 718
514 95
342 424
675 189
133 469
921 659
576 748
85 243
760 103
845 246
294 947
5 330
70 981
977 111
365 669
664 413
147 974
474 567
866 843
586 898
684 868
509 934
992 374
601 523
372 30
806 141
132 286
608 945
234 918
2 349
283 964
883 243
456 179
149 773
577 104
888 586
395 935
435 55
339 674
683 287
369 890
90 219
110 139
169 994
989 764
237 346
21 460
285 620
340 574
145 379
797 981
172 957
11 120
155 888
843 662
164 318
125 523
399 633
307 145
384 839
777 183
914 726
786 645
516 784
769 933
352 176
157 3
351 995
130 382
565 848
407 228
75 696
330 441
279 629
701 552
965 566
884 520
697 913
156 832
682 552
701 810
577 52
201 307
623 956
58 353
498 15
407 659
599 13
327 12
545 961
651 736
120 89
960 837
851 868
122 859
422 642
914 660
99 600
697 708
29 105
746 665
976 205
283 99
498 501
660 77
725 596
957 954
114 391
124 656
334 653
645 784
320 592
879 379
785 898
781 382
34 0
370 598
633 58
499 892
331 424
257 194
259 422
764 260
481 640
136 896
892 550
491 797
224 137
980 103
296 875
437 753
84 83
82 697
43 694
568 311
187 998
678 877
3 711
198 264
367 444
660 605
355 214
981 156
14 461
545 352
401 84
202 5
333 184
530 472
624 529
744 98
464 32
411 861
293 335
141 652
499 748
600 863
541 341
116 676
19 572
175 695
484 724
490 658
916 361
291 269
439 980
229 454
955 469
216 530
794 246
631 258
453 654
749 894
601 811
239 869
333 406
180 922
490 579
799 312
705 869
331 230
464 382
165 644
285 588
62 884
272 301
334 169
469 220
345 650
807 304
661 927
550 115
506 723
49 112
904 976
916 28
692 189
427 46
826 683
381 31
788 3
697 546
177 657
227 804
342 188
712 916
344 779
5 188
815 520
987 382
701 24
286 623
100 633
97 918
987 155
522 277
41 119
204 919
352 890
760 784
387 210
682 920
927 855
82 127
901 195
615 642
870 66
773 12
709 282
848 925
984 604
190 334
927 416
537 859
507 820
714 255
680 182
918 810
875 421
709 790
531 619
165 405
987 997
243 53
78 185
690 75
562 206
48 651
653 183
624 462
442 944
379 601
581 983
437 500
482 603
246 888
977 8
453 400
253 785
366 280
23 988
805 145
911 1
17 66
547 187
569 920
254 68
425 718
866 61
550 773
277 267
893 941
936 594
328 681
218 62
32 871
777 213
507 765
201 206
423 357
874 611
349 369
725 482
750 662
135 104
609 541
173 28
530 845
358 674
444 114
92 940
816 833
154 498
395 985
646 955
547 418
80 633
746 25
657 937
129 658
813 936
534 220
737 214
630 656
308 902
963 682
689 780
262 118
659 469
917 923
336 946
862 867
359 28
554 944
193 225
802 592
626 421
677 698
600 673
216 783
179 800
555 417
51 188
258 46
581 661
473 341
862 474
207 879
21 901
595 951
621 50
34 210
840 880
230 735
524 70
391 936
794 23
678 823
673 558
724 769
439 274
295 702
120 914
149 942
788 546
551 453
733 660
671 559
686 247
513 380
996 539
645 13
808 306
363 132
43 793
53 392
49 508
976 622
342 212
546 760
331 556
605 113
521 23
362 623
332 708
31 783
369 74
361 460
671 51
946 720
778 780
875 945
435 315
754 725
368 488
493 109
962 324
693 381
929 300
116 826
562 958
710 570
977 746
659 295
854 841
187 684
708 641
896 710
717 144
847 795
351 940
239 550
369 480
263 840
222 617
524 744
192 957
832 500
869 546
372 733
446 885
750 175
706 504
811 925
463 785
430 545
25 833
638 393
600 178
116 267
574 864
130 513
222 1
196 853
878 220
602 758
893 757
916 976
829 847
428 312
289 808
199 773
896 880
683 0
104 529
978 884
531 48
54 358
445 482
938 437
91 407
790 34
324 490
747 265
364 767
67 462
908 163
954 721
818 479
191 394
719 349
987 172
476 161
832 669
763 80
410 772
475 676
489 914
844 749
637 329
638 745
728 631
382 388
343 451
897 288
593 559
687 278
197 196
960 339
648 624
842 812
244 475
704 105
530 980
724 325
873 928
325 147
851 364
129 330
790 189
916 522
209 815
119 781
914 266
705 294
438 750
9 188
145 128
441 103
969 914
19 538
750 190
729 151
349 931
452 77
800 54
835 5
654 426
78 456
65 720
863 722
515 415
167 162
767 61
583 999
742 243
883 892
94 292
760 644
516 733
423 766
915 31
967 969
795 536
822 513
706 37
616 736
893 907
374 565
128 544
432 816
705 782
164 259
241 952
907 170
970 531
130 475
513 78
390 70
973 289
407 918
638 441
901 526
654 986
486 61
931 315
701 490
266 349
116 951
341 540
995 993
126 164
797 214
737 228
634 309
997 734
375 761
275 116
959 198
389 780
77 818
920 589
191 380
369 607
100 872
403 167
46 9
144 840
209 253
715 130
65 772
211 870
391 945
426 815
44 15
298 674
396 900
422 990
373 377
495 837
540 967
396 88
654 146
512 911
796 674
15 102
885 173
784 744
232 142
732 976
582 529
381 938
4 603
832 182
486 166
443 453
957 898
542 689
482 85
886 561
96 148
805 642
365 783
627 838
736 120
680 89
12 668
486 654
444 368
835 182
564 580
508 160
438 251
483 866
946 881
874 526
923 611
821 853
689 194
124 687
369 335
53 800
958 504
181 437
467 129
296 828
70 316
404 615
759 865
818 809
686 685
844 198
639 207
96 503
593 398
418 99
210 732
717 775
316 365
203 375
699 96
968 578
701 412
506 113
736 892
51 71
374 531
541 994
443 424
92 216
229 963
680 155
627 957
431 397
583 980
159 564
547 332
953 646
295 630
830 494
969 740
310 533
786 402
740 192
527 887
995 312
790 777
627 293
300 476
964 594
717 123
880 292
916 405
157 730
805 137
129 62
666 313
20 745
731 770
264 34
620 666
900 80
730 136
844 283
189 64
658 582
200 484
912 543
884 971
459 557
96 461
497 449
667 132
275 61
151 884
419 583
968 227
911 886
211 57
868 899
911 305
58 561
590 406
462 438
860 150
259 351
719 754
912 879
413 451
644 264
312 670
156 423
92 120
20 860
399 467
681 847
784 575
901 148
993 352
2 71
973 678
925 960
361 144
772 296
590 360
976 82
285 441
932 2
25 843
243 697
416 69
445 894
386 482
42 885
560 189
556 148
477 812
473 625
424 159
303 973
560 369
670 283
598 630
241 304
518 403
124 68
861 17
887 440
892 962
585 398
99 66
965 244
966 470
160 704
339 736
288 884
370 928
414 643
475 436
252 170
51 328
536 424
462 678
671 877
54 767
418 334
466 256
707 847
975 542
960 711
522 393
471 543
988 4
384 658
404 51
470 478
176 923
853 314
388 964
349 605
384 762
149 501
269 863
400 485
304 459
891 812
718 532
268 789
30 93
564 849
602 907
53 654
509 218
517 587
205 532
849 345
626 522
58 803
677 744
963 470
697 125
71 569
277 88
519 22
800 747
906 951
291 836
267 313
258 79
495 291
858 452
3 199
140 94
665 552
456 298
811 866
683 300
398 301
1 277
969 26
386 271
811 963
49 334
287 607
231 696
427 523
28 910
84 33
902 280
915 244
112 36
306 18
764 920
959 496
424 451
848 801
653 487
877 103
866 897
577 672
405 423
257 769
106 272
490 430
233 959
366 936
284 96
479 756
126 545
586 786
612 314
542 547
599 989
66 986
912 110
393 532
762 163
9 903
500 716
399 694
988 308
444 90
28 885
891 58
439 864
824 980
924 98
777 105
858 176
873 236
826 883
176 315
680 396
171 684
794 441
506 721
526 437
740 980
832 868
948 539
857 131
127 708
368 204
331 737
741 455
849 293
136 226
828 861
494 154
640 704
532 879
603 383
313 635
342 133
704 19
731 799
531 612
201 948
760 390
979 117
312 948
612 646
338 186
855 891
580 733
486 139
842 686
138 240
20 575
74 469
668 323
105 766
61 842
380 530
429 866
273 636
563 486
690 957
305 699
135 931
226 198
591 461
796 822
527 493
935 295
640 4
708 85
333 656
287 133
866 176
869 295
166 462
550 302
257 188
475 853
486 895
600 395
506 631
91 936
346 860
747 453
472 538
553 200
87 845
705 557
514 733
66 309
416 475
609 738
258 242
682 640
891 246
823 550
782 423
590 914
988 383
102 224
675 599
474 3
615 942
732 642
276 465
378 556
353 195
133 859
654 358
189 949
670 256
429 261
614 231
476 974
811 660
274 584
207 284
86 504
893 41
366 228
736 844
175 908
295 903
856 162
451 82
379 202
55 765
484 594
751 38
919 571
753 757
117 237
70 55
951 438
729 328
121 508
294 463
296 693
948 693
156 254
731 733
638 537
870 917
579 84
314 524
382 465
717 753
937 600
671 498
428 949
587 258
564 528
238 160
437 296
975 639
160 239
469 704
573 656
788 697
753 571
559 897
961 432
663 297
309 839
2 324
310 502
268 759
47 642
921 953
558 44
592 843
372 293
377 921
145 425
208 152
495 205
593 312
671 203
961 412
15 540
475 719
730 967
250 153
414 241
980 504
767 523
800 960
735 730
848 99
313 49
943 473
641 280
796 401
597 232
413 205
406 180
972 202
231 266
269 261
788 663
829 798
4 14
420 336
160 553
971 382
713 390
639 216
604 874
443 91
281 657
905 708
95 316
282 189
82 184
40 286
917 981
747 965
304 580
368 637
994 296
691 931
71 805
262 123
202 604
639 71
52 444
326 72
507 322
19 170
515 970
300 268
792 946
220 701
361 469
581 536
158 654
823 296
979 976
982 892
858 205
495 364
892 115
914 81
529 919
833 248
642 574
303 687
45 911
522 734
201 290
177 559
197 491
671 190
29 623
829 650
109 940
331 553
571 885
687 671
312 412
771 7
711 62
819 568
428 50
140 713
263 209
654 484
622 311
51 918
573 104
677 581
89 499
227 360
760 874
172 386
546 864
97 111
259 865
807 109
502 708
362 572
866 404
91 102
361 922
387 623
668 36
333 661
79 73
183 768
731 146
656 843
646 826
203 713
124 175
235 336
841 262
428 169
268 505
696 37
990 844
751 345
592 628
965 18
808 846
927 377
324 782
13 920
316 724
82 707
52 16
247 256
367 847
443 54
557 810
197 785
109 126
687 196
203 926
421 301
443 435
603 988
667 236
115 803
180 805
220 319
129 756
115 461
599 390
797 813
291 358
2 298
158 70
492 560
940 652
277 204
919 750
876 319
808 605
672 459
399 93
458 651
981 403
687 551
777 861
708 765
111 245
520 785
690 750
580 557
34 453
877 953
718 512
665 524
372 778
581 304
971 853
925 217
79 941
108 214
357 939
798 958
314 16
917 212
79 709
985 427
143 233
294 450
831 434
841 705
77 306
75 266
242 691
660 272
63 147
328 314
371 513
93 40
442 477
155 469
175 395
586 451
739 168
934 433
771 347
542 584
29 309
728 337
394 529
927 992
446 388
693 228
115 405
680 764
513 797
160 18
817 672
31 835
460 626
191 397
816 163
991 8
395 619
558 5
797 477
422 217
858 160
146 450
245 328
927 840
542 241
134 13
804 692
632 989
91 48
680 190
7 882
724 41
895 12
636 255
266 505
657 732
932 694
47 910
130 739
690 478
473 912
508 765
818 136
333 224
825 808
713 53
617 760
702 331
41 536
490 69
617 164
496 367
861 817
796 807
848 973
298 860
882 546
298 314
659 170
246 836
205 420
674 344
708 69
307 982
609 904
464 409
778 382
308 699
884 558
753 637
585 509
109 836
57 630
8 828
925 724
492 913
350 386
851 649
986 674
524 195
375 602
958 33
302 847
627 9
657 518
590 40
420 357
365 837
831 143
567 92
497 541
173 119
694 308
101 846
402 997
970 960
900 416
213 327
907 600
527 832
475 641
459 448
433 156
472 519
730 722
565 840
808 756
427 783
292 241
110 913
164 184
428 647
334 609
811 626
627 511
471 456
277 296
921 85
720 627
376 675
388 384
300 450
224 307
421 471
120 609
704 769
416 929
682 671
319 820
514 795
733 621
66 81
52 962
599 656
585 40
588 759
84 26
730 593
227 257
539 777
683 789
866 630
751 170
588 431
550 211
945 864
776 891
467 947
889 182
716 471
869 908
804 868
337 766
481 492
64 703
765 828
795 891
507 904
959 2
522 857
75 846
472 554
854 272
935 510
805 598
962 652
602 264
904 155
397 926
648 637
215 899
355 607
114 733
213 815
82 113
28 781
78 643
647 658
278 348
231 723
766 745
640 582
594 267
665 795
432 217
135 51
568 654
646 636
382 337
479 844
766 424
586 385
231 619
958 158
97 919
331 344
766 680
423 301
196 565
293 523
952 447
798 695
884 897
484 755
113 473
418 613
973 205
397 102
462 951
997 272
285 585
916 311
140 497
709 273
407 61
398 205
318 408
518 167
345 227
639 42
34 268
708 28
870 146
387 437
228 469
644 127
267 18
369 255
552 461
939 194
997 502
594 720
827 428
181 133
288 476
869 586
545 426
223 207
89 85
630 140
783 823
252 51
692 187
801 144
450 909
298 8
533 669
19 93
485 443
165 967
994 564
552 156
430 811
969 128
406 608
253 485
817 380
772 788
727 50
838 778
530 96
793 404
344 11
152 274
350 278
972 287
870 955
607 182
122 495
260 54
118 386
624 935
217 580
867 435
204 305
967 725
328 181
199 436
228 609
249 672
301 339
260 284
956 145
962 826
739 78
383 449
519 915
119 178
431 335
355 526
122 527
940 977
77 278
510 418
339 533
350 248
314 364
300 414
620 550
762 87
874 937
834 394
67 19
370 998
475 246
163 679
4 924
886 383
248 802
61 149
827 153
40 433
381 968
36 421
670 243
197 37
208 543
757 623
592 74
682 315
373 703
875 388
671 16
483 533
160 682
612 885
358 20
701 931
462 847
621 745
290 214
60 820
948 327
784 618
352 721
645 18
101 612
692 927
532 923
285 245
135 836
900 658
403 110
887 742
310 25
245 482
401 353
272 644
550 603
955 921
810 62
237 361
540 123
108 559
36 29
906 246
956 337
355 300
746 679
132 90
707 822
77 657
849 475
992 998
662 994
71 902
982 747
217 394
648 966
309 524
5 727
4 312
583 426
19 395
355 711
798 23
39 806
734 980
876 860
27 608
996 428
347 80
36 927
81 812
843 108
845 318
345 95
554 947
720 54
146 928
582 950
828 461
121 514
255 509
409 108
507 292
424 826
166 679
845 49
941 823
452 589
542 165
607 367
196 463
32 164
674 17
395 325
278 221
705 249
623 595
591 243
480 672
739 58
202 835
23 259
253 403
907 289
367 266
999 86
794 292
901 622
306 80
707 490
796 205
967 890
0 78
24 994
768 630
411 469
102 364
156 581
273 344
72 128
768 403
929 987
932 827
337 811
114 108
413 359
239 119
707 55
49 294
524 631
332 149
522 836
842 131
290 29
705 6
323 635
545 90
197 513
851 602
467 76
802 373
592 491
629 170
493 335
307 891
209 52
469 165
935 822
918 94
67 628
886 102
108 72
234 526
939 53
157 387
586 167
275 699
94 838
48 486
677 122
908 206
616 823
481 263
810 59
771 767
390 179
662 806
452 865
396 463
28 448
732 413
680 109
707 814
886 880
646 523
820 928
117 197
698 634
562 241
755 243
215 316
179 704
227 976
825 253
909 877
942 770
791 72
396 271
612 166
800 969
889 833
240 706
991 538
749 84
919 556
794 510
36 847
482 285
948 690
197 284
423 968
11 140
206 972
511 595
772 444
173 233
24 848
811 726
289 971
411 213
536 881
759 484
425 351
683 369
681 310
447 318
793 736
186 757
905 897
647 747
885 654
515 913
163 441
548 598
850 26
891 94
757 879
578 141
5 972
255 996
514 859
703 467
146 894
675 444
608 135
653 206
894 534
75 631
26 474
403 400
300 166
557 389
438 742
284 930
786 855
868 150
831 129
333 971
28 840
214 963
795 838
538 412
743 451
422 965
558 725
112 942
463 111
897 987
187 134
996 937
56 334
740 447
529 841
417 446
263 536
443 265
483 935
109 517
56 549
443 2
861 601
899 399
825 893
616 289
157 679
313 68
429 611
926 896
774 313
835 125
793 220
114 199
614 409
190 730
193 452
978 886
625 62
957 459
531 305
256 630
682 41
757 146
2 868
74 535
136 707
188 239
403 254
972 51
158 643
397 737
363 144
107 577
800 268
44 339
629 793
66 10
148 652
551 507
440 35
608 366
934 621
258 883
950 109
359 478
753 503
506 140
356 193
190 667
572 459
626 181
392 967
167 981
42 17
304 615
405 367
712 116
80 185
783 75
648 778
869 617
417 276
725 273
398 936
83 188
20 499
678 762
403 834
830 535
852 422
38 350
875 552
954 929
806 774
418 182
851 155
861 242
517 451
54 226
16 635
802 45
584 157
776 307
6 697
63 472
746 101
818 329
761 990
31 213
464 244
803 988
142 169
767 115
302 162
862 662
306 700
564 412
416 295
304 567
889 870
826 120
300 125
925 390
79 385
461 384
550 435
418 598
793 141
59 747
834 426
347 125
668 954
983 659
797 635
542 37
284 168
791 296
83 854
789 423
309 402
662 330
224 203
367 210
884 245
369 266
290 44
719 159
6 189
493 369
973 88
770 287
487 224
670 30
261 840
780 195
979 607
57 59
31 53
546 162
655 171
218 104
39 535
681 477
272 53
725 230
690 742
444 933
730 596
552 612
596 547
521 602
209 514
614 876
361 751
492 372
827 654
108 782
31 418
977 125
827 866
687 146
818 397
469 229
926 494
587 177
798 440
500 972
376 289
85 44
880 19
779 10
790 638
569 882
828 951
407 393
845 28
779 445
719 765
4 16
529 980
561 477
165 893
573 433
647 686
974 666
59 304
793 315
770 507
631 462
357 805
291 191
992 724
441 903
952 399
296 391
813 720
953 120
624 284
525 417
861 656
697 136
370 766
949 343
70 142
608 496
746 492
534 257
123 576
530 241
349 665
707 448
169 897
122 10
655 163
178 660
340 975
263 477
845 381
727 958
850 373
403 530
35 773
46 422
326 738
444 449
14 85
756 277
821 551
214 468
850 660
54 899
603 124
686 729
308 237
903 704
134 770
856 563
241 390
429 334
881 977
513 545
948 353
763 925
553 626
157 308
114 806
511 108
2 893
976 637
904 710
445 350
994 347
487 203
314 681
97 353
116 445
712 256
253 551
705 184
85 362
125 516
349 905
487 737
649 756
500 959
271 128
369 478
814 146
761 722
751 804
236 120
343 734
416 798
459 814
908 454
241 711
303 402
877 678
333 945
689 183
762 824
771 892
276 858
506 446
260 864
929 593
293 577
323 652
355 539
996 422
173 127
806 322
564 24
745 851
321 420
312 192
418 193
651 521
428 689
391 639
498 750
359 863
972 422
894 423
33 31
82 599
549 699
610 841
362 309
632 82
507 378
864 814
732 681
742 862
99 811
628 701
730 450
833 670
58 893
890 264
320 834
220 50
99 491
615 934
827 489
220 729
171 715
640 569
304 80
870 605
192 632
320 264
931 254
63 78
765 992
646 485
41 77
450 533
783 389
524 816
998 373
748 602
290 200
831 729
615 6
531 173
659 344
517 89
327 457
201 184
862 950
913 168
477 102
452 98
57 739
449 175
595 647
545 396
918 191
247 902
543 891
539 230
164 595
650 758
261 107
127 810
702 359
902 400
474 655
50 207
337 468
590 707
610 216
73 471
657 338
680 665
338 199
111 785
843 225
951 729
502 972
482 326
212 995
546 93
754 983
517 190
967 432
491 764
19 649
925 427
794 136
416 512
71 19
440 204
552 563
149 921
872 756
448 234
176 899
934 791
908 70
963 782
387 239
536 315
327 313
718 528
361 448
944 261
182 661
764 153
868 24
506 582
36 555
203 264
433 637
666 958
872 196
286 135
614 849
982 942
428 192
923 166
182 588
329 726
167 383
349 78
917 271
936 736
555 194
978 303
258 739
359 282
822 321
37 385
271 902
51 119
836 102
204 238
193 340
137 221
802 591
442 661
797 250
101 247
52 159
837 695
24 843
884 4
46 85
784 349
269 207
777 172
414 35
209 583
770 38
202 65
135 943
499 373
611 632
843 259
39 308
900 416
260 535
936 834
649 745
679 425
714 898
391 55
642 199
282 960
58 331
507 810
615 870
16 358
87 977
817 317
651 864
79 515
607 526
901 446
949 363
986 767
197 849
741 471
936 578
383 195
911 92
212 153
752 900
433 760
361 710
831 691
115 435
998 398
679 576
706 919
868 157
833 581
454 403
99 628
952 221
808 463
507 143
541 508
444 690
111 739
713 765
413 943
84 901
881 819
606 693
696 373
876 182
629 293
286 312
297 526
42 46
198 996
677 110
110 973
834 854
832 104
704 648
123 488
207 38
465 320
747 270
813 280
967 118
204 462
811 456
911 950
951 751
87 978
421 728
496 82
177 322
598 589
44 293
890 157
549 662
685 247
254 161
586 120
844 165
136 32
190 939
462 234
365 663
229 458
899 765
833 309
108 620
520 28
447 646
168 472
444 77
796 895
231 128
176 669
443 683
192 852
904 962
860 796
294 142
727 490
823 757
675 741
40 590
573 428
639 674
23 409
670 4
224 880
398 225
549 928
981 345
740 224
472 59
443 787
744 460
373 636
897 352
308 282
294 319
647 724
294 169
598 766
370 298
792 250
667 814
363 479
664 325
212 797
998 88
970 262
653 145
375 495
449 247
574 740
54 735
326 334
883 491
692 816
304 454
196 53
623 470
649 164
261 497
296 124
634 511
409 71
204 542
29 178
648 80
80 747
353 70
664 506
14 208
779 864
568 338
573 466
817 401
703 134
989 667
32 332
684 522
744 438
630 97
103 335
405 637
882 680
694 444
302 70
831 73
243 756
946 685
401 935
408 527
285 589
215 645
509 324
668 56
687 17
169 708
686 406
815 844
509 257
644 498
321 667
655 460
610 558
886 128
810 958
806 168
524 217
67 366
141 950
579 17
311 681
470 565
416 421
160 207
759 136
541 774
527 754
788 499
153 389
693 169
286 30
938 877
210 314
425 318
290 817
999 93
758 391
774 806
911 461
63 517
361 219
896 202
962 985
632 213
937 513
909 417
463 263
724 740
1 88
969 653
235 982
98 893
990 321
583 46
594 807
773 670
132 244
598 749
185 682
73 378
776 898
896 625
788 793
340 583
535 444
611 796
96 235
506 447
805 57
419 357
841 537
328 739
983 466
669 998
604 948
833 810
736 593
69 232
413 964
923 141
134 700
983 313
49 865
841 981
213 974
777 4
948 13
953 586
162 637
502 959
75 591
527 213
512 204
172 477
90 392
39 894
757 762
830 486
950 617
854 158
13 128
633 289
339 282
969 645
965 814
298 424
190 779
987 923
88 93
621 186
651 38
450 658
372 357
854 593
583 754
569 177
189 631
619 389
87 320
406 946
376 795
48 455
158 129
93 613
0 578
376 646
953 748
659 201
835 789
817 852
277 644
619 304
109 611
671 505
262 639
386 563
947 446
447 821
353 527
758 137
384 773
725 305
322 956
41 43
659 834
910 526
470 751
530 834
22 844
150 228
986 263
276 335
950 741
457 107
449 422
652 161
969 149
109 460
504 341
150 953
666 300
701 255
276 739
936 40
190 875
230 862
17 233
180 230
826 50
325 231
236 255
361 867
753 402
486 421
138 263
745 353
625 763
926 751
630 488
171 888
79 694
953 902
245 547
794 912
517 604
108 491
876 873
667 481
914 836
226 270
368 906
451 301
537 152
953 455
260 574
973 235
863 511
542 231
445 239
679 829
873 475
364 894
40 860
356 834
51 715
648 709
666 862
682 700
313 401
279 117
646 102
645 418
992 413
709 366
433 51
857 45
981 551
142 360
304 248
699 695
148 416
520 764
568 947
975 670
737 880
198 939
748 806
251 380
633 696
742 92
586 993
722 745
217 160
755 457
245 573
512 6
629 881
874 546
338 690
323 563
945 308
856 103
182 880
231 857
714 64
657 834
590 632
40 208
309 799
489 857
5 651
347 552
110 248
862 383
313 505
477 403
921 837
756 59
325 995
921 281
955 237
142 398
686 856
685 353
185 362
770 553
658 699
5 958
303 612
637 771
411 722
789 222
193 515
977 838
359 327
354 724
493 312
814 682
347 690
704 790
742 107
461 823
690 707
44 398
520 317
789 751
402 684
627 541
746 918
249 296
606 996
520 138
638 383
175 293
164 228
569 270
370 904
690 773
559 981
218 194
426 27
696 201
781 271
415 182
210 598
548 961
113 778
653 843
992 788
483 775
520 751
200 537
399 251
257 418
608 887
189 481
460 678
684 114
643 699
281 235
547 884
920 530
360 137
711 216
105 285
456 208
761 668
205 992
211 171
35 566
485 539
583 715
461 446
995 835
478 400
713 875
364 814
254 945
83 122
776 679
923 676
600 856
639 842
305 497
16 672
22 849
518 320
183 192
471 380
876 235
110 462
56 414
749 702
263 688
114 859
823 730
141 400
994 799
832 265
170 669
29 387
964 555
483 271
685 176
793 870
959 42
969 133
900 964
54 475
489 405
357 726
796 32
431 761
391 718
597 193
994 261
18 762
587 604
45 678
161 996
499 510
404 296
704 542
623 565
271 413
590 618
557 194
928 353
337 399
53 932
951 250
880 272
800 719
109 884
346 798
244 946
766 459
268 605
524 504
320 465
840 4
133 990
272 903
337 189
572 139
13 288
180 4
212 14
69 272
249 812
756 720
260 692
208 748
533 801
875 666
671 313
346 704
390 385
368 749
321 964
222 995
16 172
446 607
70 663
218 375
527 794
785 482
379 889
763 515
761 149
895 126
548 731
371 665
105 35
916 156
310 102
9 265
900 231
716 828
454 667
776 779
311 80
939 702
791 105
597 0
734 119
607 907
47 569
381 64
358 733
852 484
802 436
596 172
203 241
606 689
860 602
14 588
314 861
273 467
874 292
24 377
910 657
963 250
393 250
967 563
358 949
936 438
708 700
598 467
588 642
276 864
609 684
972 258
102 161
907 649
595 330
651 863
576 842
27 585
176 638
321 76
183 741
544 248
428 880
417 152
71 643
206 8
803 178
682 213
325 556
258 936
546 243
14 339
852 746
208 153
102 845
275 90
835 364
28 76
2 103
36 651
508 610
60 585
924 778
0 542
693 871
620 824
551 296
585 763
403 185
568 635
153 983
261 909
784 881
677 865
390 105
904 202
931 249
775 859
59 398
806 867
64 256
843 106
859 23
588 193
115 135
85 726
203 932
343 805
280 102
233 663
377 470
19 638
669 575
349 806
967 589
108 974
557 128
637 940
940 450
632 588
21 108
109 545
683 29
145 162
794 882
418 862
513 414
30 904
264 731
88 323
586 679
267 517
204 128
932 168
660 824
723 108
490 793
266 734
465 472
860 724
326 710
631 630
96 66
954 614
166 327
655 696
585 658
541 175
983 277
633 576
751 217
473 908
571 380
590 127
943 404
61 384
720 424
613 512
134 346
38 67
250 655
435 268
504 796
281 877
598 531
725 460
163 596
681 79
96 204
264 273
249 824
5 873
789 546
167 754
593 739
272 725
9 791
280 88
519 891
958 274
961 650
687 220
134 651
436 409
409 484
544 438
868 554
55 866
670 318
224 422
189 601
884 462
732 895
572 334
30 312
310 30
728 130
903 270
538 840
770 305
510 533
703 342
767 817
132 66
91 442
528 502
905 420
978 303
500 729
454 856
605 649
799 849
564 987
541 299
799 665
529 706
984 840
604 129
475 813
99 440
709 840
757 353
710 652
218 278
711 756
901 885
796 112
731 637
914 308
939 376
410 561
397 283
543 127
462 350
188 438
210 743
664 295
642 865
701 861
39 633
347 788
948 707
121 141
79 289
404 983
911 956
150 559
503 264
415 649
601 4
911 131
476 79
338 408
846 692
561 387
202 582
735 231
243 484
545 678
326 342
821 142
532 157
43 4
605 38
671 5
253 215
452 480
890 960
41 501
179 379
48 504
626 909
369 558
595 178
43 597
122 603
675 528
800 947
107 273
767 645
4 245
97 376
915 819
892 587
55 564
184 128
640 380
366 708
794 463
922 517
47 876
138 386
888 125
997 918
525 629
269 37
799 464
284 453
908 669
882 198
595 575
653 314
563 15
246 877
728 35
322 141
998 826
214 658
659 285
82 335
833 559
391 119
241 582
512 920
328 975
948 451
813 637
602 97
256 457
746 207
93 19
298 770
550 15
751 931
60 113
111 580
23 889
429 233
184 727
804 712
814 880
354 328
989 29
783 717
264 755
235 2
279 805
426 853
249 812
435 398
467 319
28 687
87 898
703 141
878 835
144 693
157 983
565 463
203 217
772 790
585 588
631 838
240 419
835 948
790 671
27 361
833 32
353 415
233 498
742 449
82 714
341 55
991 814
275 471
416 792
249 501
700 475
616 611
431 644
323 329
541 954
840 878
684 365
535 116
726 290
449 151
588 765
865 54
395 588
230 824
42 43
455 464
514 986
517 569
460 232
163 786
694 915
649 971
910 573
868 430
596 144
143 822
316 178
718 130
849 634
213 874
651 768
764 9
529 544
13 873
239 575
276 881
777 628
710 746
733 632
586 61
861 638
362 358
874 3
650 572
193 158
888 446
50 200
914 390
467 645
538 658
385 505
597 85
86 436
559 994
251 422
192 753
856 202
153 751
230 807
463 610
68 369
7 226
846 532
944 977
327 281
315 163
400 191
430 694
222 875
660 163
463 767
342 579
461 814
653 730
841 966
788 526
168 884
674 168
777 3
390 601
717 693
745 790
389 935
407 437
159 129
853 517
249 171
132 729
660 561
700 301
642 904
153 543
671 694
217 839
91 965
140 6
533 455
906 986
401 67
568 576
915 398
506 936
817 547
266 925
573 811
503 826
184 693
486 917
464 503
421 742
954 962
506 641
199 993
783 143
443 146
529 297
113 587
540 365
720 549
640 678
696 332
575 783
565 29
52 560
75 974
572 383
703 922
824 688
788 218
825 997
723 579
770 918
81 486
682 538
84 947
38 963
822 797
146 358
832 592
649 496
16 46
768 665
907 773
951 580
538 361
191 21
561 144
420 209
355 409
467 977
271 492
165 950
141 660
962 502
225 303
935 365
831 260
736 661
788 139
141 982
579 984
65 477
5 168
573 585
511 635
601 89
600 864
196 159
823 595
462 63
616 377
676 80
560 641
948 25
524 661
44 877
270 463
135 911
743 700
167 886
741 619
43 346
430 839
586 476
451 96
134 969
54 430
522 551
779 286
908 614
666 545
3 376
731 300
777 114
232 650
329 512
270 803
201 900
459 697
865 430
265 965
482 348
433 997
320 492
801 737
968 85
654 353
450 465
922 64
439 838
14 284
627 119
192 611
236 391
190 806
200 918
225 289
219 225
755 9
454 350
632 516
960 973
224 748
897 408
379 812
177 675
147 504
901 116
533 873
386 851
896 70
847 147
123 20
799 246
659 607
76 557
170 294
237 181
192 802
136 451
614 670
216 849
822 584
95 669
452 214
980 88
967 626
895 100
360 774
943 661
776 448
666 161
670 23
77 71
839 123
975 915
491 216
450 216
503 811
202 244
541 99
411 911
308 441
766 187
886 855
812 637
964 332
801 418
524 599
442 995
467 655
623 673
667 513
425 168
158 33
404 631
872 510
230 958
784 426
582 343
55 200
181 22
534 28
575 544
156 686
707 959
838 398
78 115
741 705
212 954
483 538
111 360
245 185
493 815
866 991
677 320
17 855
530 592
503 791
350 772
134 28
768 516
775 977
278 339
984 288
915 364
742 902
377 382
100 99
848 449
1 959
157 935
598 142
411 763
29 252
813 964
819 882
689 139
422 430
478 312
518 286
974 192
855 558
732 137
78 468
823 884
535 762
333 82
789 364
488 39
265 829
556 874
33 502
14 634
227 999
238 338
598 955
501 725
247 48
895 738
993 772
738 952
923 113
893 171
646 649
737 717
660 201
467 325
490 330
295 555
46 739
190 945
552 512
352 723
805 742
226 967
647 131
201 534
318 146
621 680
329 637
383 59
253 569
18 245
68 773
309 965
303 506
182 637
333 179
976 258
520 134
910 866
87 306
69 532
262 927
397 819
431 272
56 139
76 299
689 922
393 415
878 568
670 540
382 942
899 822
91 962
698 474
521 561
17 439
941 355
244 598
622 451
470 794
46 420
497 576
137 284
272 680
196 588
44 729
743 221
516 104
531 980
178 457
844 262
621 188
360 748
321 801
670 912
400 692
808 814
164 201
280 931
881 152
246 689
351 426
615 640
782 585
15 838
305 979
584 480
171 320
552 414
852 279
271 570
355 356
981 265
45 477
704 968
549 7
92 831
929 245
568 345
595 873
887 498
629 481
20 463
411 283
84 73
428 936
544 961
425 820
872 453
236 203
120 337
578 726
438 223
793 556
569 343
370 784
323 494
191 753
528 763
62 701
900 573
355 988
200 702
505 883
6 450
146 949
184 776
74 667
596 287
679 277
450 98
667 487
955 68
40 716
956 660
10 38
32 674
48 491
801 911
651 761
200 881
869 122
8 228
459 296
550 793
779 546
371 162
558 44
496 595
670 91
656 443
169 974
521 512
940 262
291 926
696 334
662 496
175 739
464 285
439 548
261 716
701 874
828 847
635 233
128 427
435 957
780 150
426 517
389 296
93 803
780 546
486 618
817 697
695 438
800 803
901 495
71 216
390 357
669 538
523 405
581 85
774 74
768 7
380 508
934 808
532 172
805 811
654 453
864 723
77 620
137 638
629 697
534 629
36 851
943 665
892 935
917 215
647 314
637 892
722 273
707 370
314 992
15 217
929 479
170 966
217 566
577 62
575 978
913 51
385 53
513 358
832 409
218 506
174 85
385 839
33 374
844 301
630 839
336 324
534 361
81 770
131 443
610 132
211 330
312 202
812 489
682 399
918 226
179 15
188 579
46 191
538 778
321 48
695 393
34 316
748 26
484 695
884 546
651 110
905 922
275 715
381 49
292 990
494 107
128 589
895 396
195 949
901 997
434 861
671 702
220 610
789 41
851 853
474 253
891 78
666 296
474 516
700 508
534 794
792 874
978 100
121 401
632 39
907 759
199 412
157 574
358 972
16 424
511 797
431 27
77 459
501 230
293 287
801 169
152 803
404 897
31 20
528 273
373 566
739 880
872 547
994 97
208 964
486 142
254 965
961 693
590 941
953 379
437 203
676 122
554 378
522 838
768 677
558 707
554 307
596 945
990 275
28 528
442 225
565 4
906 951
170 993
31 692
96 655
952 416
237 678
373 637
442 411
182 839
482 121
408 588
583 453
100 362
861 250
822 312
529 698
745 856
904 176
953 962
712 614
453 758
999 13
733 767
856 402
860 858
205 907
46 903
269 583
795 606
159 153
762 203
429 469
358 419
962 81
684 660
716 285
883 744
370 571
762 594
589 863
516 790
171 887
63 381
879 979
72 190
130 846
912 606
965 498
50 616
604 952
634 781
972 261
574 37
460 302
88 932
919 868
146 453
265 352
961 306
909 704
114 857
373 519
112 615
273 473
419 145
149 299
289 326
112 495
256 702
735 45
729 173
14 99
471 352
806 638
245 990
687 766
891 727
0 885
698 512
513 688
234 133
383 988
306 677
568 649
864 594
10 834
92 877
96 963
993 741
468 553
524 833
573 77
626 721
11 497
30 888
245 904
952 652
905 338
990 652
164 613
166 105
845 693
881 269
718 724
18 454
698 754
397 67
400 589
56 557
230 914
756 255
262 34
196 446
436 677
988 266
317 154
259 450
400 348
153 611
217 814
593 186
249 671
431 428
222 527
139 797
873 495
796 125
218 173
110 236
110 869
676 655
961 848
429 328
428 816
754 761
935 793
30 345
951 290
292 357
409 73
172 775
812 546
991 723
267 80
189 836
936 266
286 387
442 831
85 696
855 234
46 846
154 374
569 83
214 274
35 413
944 221
428 365
296 810
411 847
768 517
84 496
435 892
522 190
687 607
676 235
155 504
571 562
729 251
546 840
572 782
517 963
491 394
130 86
60 783
202 539
857 315
536 806
381 740
264 808
536 769
273 874
878 84
835 989
316 290
873 608
131 128
480 377
922 752
357 458
263 98
787 741
622 323
234 680
488 328
648 754
61 691
764 635
842 693
765 583
627 826
367 979
370 888
901 974
461 655
135 329
547 969
134 383
471 547
955 637
115 370
3 266
598 391
669 168
502 147
849 673
342 610
138 2
921 428
917 930
356 895
16 115
663 246
459 296
652 900
169 629
806 569
799 266
43 843
292 96
162 838
855 673
837 612
836 643
512 557
174 358
575 608
966 401
667 927
914 344
350 831
662 160
273 525
638 609
397 193
321 307
702 214
551 905
993 200
980 584
703 100
698 808
415 314
314 201
224 22
939 63
291 50
545 671
677 782
319 71
322 472
436 889
331 731
418 983
8 380
650 896
366 679
208 482
682 606
996 549
412 802
423 286
653 743
178 784
192 252
354 820
484 8
718 202
847 542
998 733
748 129
758 307
294 936
200 450
778 115
501 236
689 67
36 235
850 789
513 837
188 711
959 672
338 889
294 390
44 261
101 442
364 344
240 1
261 398
18 162
294 312
188 198
637 281
756 535
780 140
814 524
527 552
94 643
612 724
259 830
793 402
174 430
320 143
784 586
957 697
351 121
182 47
953 83
498 628
902 59
218 844
113 551
971 261
248 142
626 799
327 656
397 988
553 26
608 440
974 943
429 905
589 871
354 863
451 291
31 205
602 38
717 22
555 445
31 240
187 239
148 140
241 334
962 859
470 500
260 66
595 214
933 222
246 748
258 40
741 598
916 418
528 536
515 184
659 758
307 928
529 720
618 977
273 895
319 31
725 621
662 945
989 81
888 800
151 435
236 29
641 5
616 977
709 676
232 650
127 861
57 456
276 248
672 499
549 240
110 166
249 169
654 311
53 432
949 692
511 30
505 662
206 413
306 769
844 448
964 18
964 695
850 407
875 584
516 442
226 239
361 254
650 534
429 231
374 5
156 966
692 395
676 771
484 218
263 904
62 438
734 700
864 590
102 621
406 97
271 220
39 978
375 701
54 116
514 355
966 287
773 856
437 568
102 282
681 116
486 799
877 197
886 978
268 810
893 250
13 227
959 370
893 355
71 651
599 940
989 891
887 717
408 928
273 855
590 861
183 459
134 108
432 749
644 434
697 700
349 583
415 183
366 18
243 168
792 216
748 629
887 973
0 833
414 624
426 567
68 235
637 975
825 201
687 238
737 374
622 194
751 754
7 475
331 766
360 995
132 740
373 726
462 242
368 115
509 263
320 288
352 221
666 617
326 13
394 585
251 301
59 446
420 661
250 1
958 100
918 595
818 439
842 33
796 635
817 369
287 77
817 810
810 593
528 407
181 848
586 388
308 663
192 31
154 646
273 456
199 750
340 400
218 154
252 501
127 326
674 276
642 123
454 405
618 864
615 611
822 402
189 33
555 772
477 301
731 407
820 503
678 171
203 227
189 651
889 938
289 493
188 949
536 399
184 234
48 467
669 964
890 963
108 798
127 333
10 232
150 775
348 968
916 619
201 802
73 4
395 761
241 863
61 466
792 283
533 63
717 696
795 161
623 307
440 461
402 960
736 856
931 158
736 194
271 518
791 638
824 916
217 216
7 836
15 341
882 285
175 486
239 9
234 613
191 619
16 629
715 7
901 261
674 68
624 790
625 453
382 256
416 795
370 752
851 652
568 277
246 855
813 998
568 741
712 21
440 977
500 326
235 496
139 360
571 290
251 98
912 174
677 655
619 665
600 186
214 831
450 506
349 248
823 831
7 956
943 482
860 239
804 472
664 349
897 631
463 134
860 423
398 571
476 435
744 510
962 973
646 342
940 548
477 736
845 577
308 134
934 212
986 876
160 899
635 173
647 564
556 346
152 166
970 338
146 419
375 75
329 713
749 151
670 203
752 775
247 44
903 651
501 884
282 535
608 664
165 784
541 126
860 172
328 542
692 381
810 106
16 182
419 294
337 532
896 776
508 13
254 720
16 580
964 169
628 122
701 645
29 438
235 589
205 502
164 903
493 171
449 109
715 417
361 108
404 987
418 369
459 531
952 301
831 607
179 330
633 77
309 892
507 520
225 601
497 583
893 640
283 52
272 805
257 786
996 611
245 342
980 520
284 839
543 868
837 158
675 305
775 342
698 388
599 588
960 802
663 495
794 28
712 1
504 419
816 907
859 835
556 724
327 452
943 275
970 700
480 328
162 781
408 574
619 525
369 204
430 272
727 510
474 392
642 848
999 141
634 795
286 757
553 541
74 676
796 606
456 284
978 997
666 598
739 782
376 735
473 766
205 636
250 157
559 85
827 106
959 437
414 378
869 247
812 738
260 562
827 127
123 886
418 405
674 821
751 637
81 138
103 892
132 420
718 482
80 180
690 928
591 898
732 113
296 491
598 937
559 86
661 456
163 697
608 952
658 680
254 770
694 158
964 549
771 514
580 647
966 3
207 185
927 292
748 830
727 144
821 252
954 470
704 697
782 269
716 942
714 857
199 759
895 468
598 545
242 5
717 674
703 852
482 188
151 859
614 866
250 798
723 169
157 443
46 896
837 299
118 360
66 22
755 571
244 290
207 56
649 253
128 493
28 54
939 339
759 127
634 94
266 581
991 530
784 798
982 558
49 25
822 876
954 553
64 438
150 106
798 978
552 114
325 903
94 617
187 958
735 888
200 481
333 709
705 70
132 141
712 236
320 800
613 788
290 545
799 745
708 587
291 936
367 532
900 664
260 869
512 483
392 647
233 323
85 335
913 269
135 218
580 472
124 217
737 87
475 630
25 122
29 653
942 592
423 251
661 168
685 642
708 907
312 714
244 164
593 257
383 607
171 524
10 44
420 27
796 204
564 688
365 147
603 808
959 92
351 408
704 808
747 200
765 31
689 315
712 476
249 357
459 132
71 723
538 879
544 326
453 349
700 23
843 946
797 412
607 755
503 593
893 982
885 816
765 413
466 73
495 235
565 129
662 885
82 287
301 193
160 370
468 874
909 860
395 905
475 393
764 517
350 504
933 284
764 616
379 15
643 780
0 945
781 527
710 432
942 192
281 42
404 695
729 97
318 909
189 727
502 640
944 482
230 44
790 680
382 826
584 500
44 572
691 735
953 62
949 783
859 279
176 850
373 389
148 411
311 996
497 700
236 135
561 266
839 669
434 4
828 917
858 972
685 777
697 187
434 62
282 0
943 570
849 474
233 21
317 577
905 200
607 440
551 8
145 325
447 211
848 975
151 417
666 911
358 996
592 599
630 296
364 693
859 315
828 160
514 941
669 729
90 169
360 4
429 194
79 108
967 430
328 89
574 654
953 941
848 587
730 842
863 138
661 405
536 713
337 806
279 695
298 541
811 807
834 910
752 853
875 149
504 750
706 138
224 620
405 606
313 904
645 460
916 917
901 904
236 755
32 35
935 522
110 676
85 882
751 568
503 745
6 786
49 956
974 731
599 907
784 819
779 937
347 493
885 314
626 599
9 907
257 663
796 21
832 158
543 674
374 208
482 638
262 434
881 366
773 690
130 132
401 594
421 216
667 293
218 920
637 328
974 265
573 234
414 474
408 563
529 104
343 64
689 972
716 589
866 910
885 9
74 357
352 165
783 812
517 221
3 727
319 716
411 571
514 852
747 217
798 540
51 930
906 311
244 196
745 659
867 435
176 798
301 992
989 651
929 589
785 747
673 95
839 428
40 346
746 613
108 544
290 775
525 258
263 197
796 868
476 924
204 85
869 291
436 628
816 844
395 20
679 233
706 736
20 287
757 103
68 93
154 576
292 381
663 463
686 186
71 766
37 952
118 604
571 159
224 481
522 872
501 487
496 765
624 834
560 765
482 928
352 237
387 706
813 655
42 632
928 550
943 457
723 200
903 352
236 74
8 183
409 959
104 287
522 209
665 165
458 670
480 95
614 268
537 372
11 444
980 704
379 818
667 828
905 962
585 601
160 933
11 198
855 537
234 749
111 836
7 922
730 474
542 187
838 945
19 800
480 652
223 188
33 796
699 450
