1000
541 240
597 727
740 591
850 56
934 558
702 769
544 143
997 36
942 564
862 183
879 83
408 904
908 148
454 863
144 872
651 550
873 932
238 396
509 940
807 557
710 536
535 739
726 577
899 880
251 300
658 777
379 629
882 804
544 757
798 426
806 21
778 485
711 344
4 954
837 428
829 632
80 281
558 807
179 791
795 282
811 764
587 460
327 636
597 198
736 230
611 31
538 45
410 346
553 316
216 771
973 96
708 705
966 842
858 493
911 810
492 410
22 484
401 138
682 406
233 742
588 976
613 702
118 802
611 781
6 512
73 942
939 217
933 833
78 803
923 374
922 425
717 112
917 261
828 58
476 765
934 413
634 353
853 920
881 347
734 166
558 509
582 379
401 62
135 615
794 37
89 464
773 795
616 300
894 53
692 124
765 608
764 378
939 531
714 540
203 615
529 573
961 434
985 202
814 943
225 410
569 14
740 293
598 826
708 262
875 470
10 665
942 191
395 812
912 132
619 465
292 8
150 378
855 982
9 252
169 916
789 804
507 808
524 364
671 917
714 214
899 647
700 199
469 122
628 621
447 678
906 289
164 989
636 750
281 763
902 791
620 229
834 692
384 682
913 781
791 396
968 717
230 120
788 984
284 89
173 796
626 576
206 419
651 7
963 871
445 408
857 101
207 466
704 18
736 140
860 912
14 720
991 169
60 337
337 922
441 548
80 633
360 314
71 439
698 180
642 719
837 357
536 92
776 619
288 46
508 102
588 317
524 503
416 244
333 506
347 903
598 156
52 645
457 892
469 302
351 405
396 837
864 738
124 630
264 697
416 609
482 513
600 501
265 539
714 957
513 747
258 230
314 719
401 166
317 671
601 598
580 107
966 401
173 864
94 826
232 11
994 9
964 883
514 894
749 402
828 820
689 517
726 559
397 231
687 237
460 537
273 649
608 805
841 235
398 517
581 800
374 888
172 664
617 117
833 338
441 470
800 249
779 478
23 642
567 19
494 339
70 812
519 21
347 283
446 651
539 131
313 232
196 802
520 932
81 656
813 423
787 190
85 988
217 992
574 303
697 163
390 879
836 446
769 500
21 981
691 73
954 761
706 483
689 760
381 735
252 123
79 943
45 514
948 901
330 34
865 646
481 471
448 673
908 649
113 101
102 251
690 349
52 294
784 575
133 770
115 640
90 702
237 361
134 218
203 637
470 227
546 112
433 247
866 473
792 284
174 168
55 581
82 752
866 484
587 957
16 817
874 31
835 129
137 733
30 38
299 819
869 981
336 12
863 723
606 7
687 591
264 773
782 939
971 649
546 531
763 70
250 275
922 956
527 76
889 523
13 863
85 646
791 896
163 873
621 772
43 283
417 754
904 516
797 566
277 863
342 521
457 929
980 865
108 312
31 47
615 284
691 827
767 256
540 866
963 281
626 904
241 214
844 166
82 820
264 812
829 287
492 726
852 564
246 361
66 258
754 222
256 468
435 80
717 612
992 771
110 153
40 534
854 833
677 345
423 335
541 151
999 726
443 357
4 571
290 865
447 182
642 803
196 721
408 854
24 807
514 615
753 958
960 309
825 765
812 231
259 622
570 169
796 284
496 862
267 198
63 334
608 154
847 458
8 602
310 594
127 946
322 638
36 207
529 185
96 137
120 335
614 833
313 128
116 211
634 201
449 549
860 346
860 789
514 554
475 359
461 717
785 180
182 230
109 804
468 148
762 868
329 257
233 464
344 997
344 18
497 839
582 808
540 412
571 985
265 85
540 992
110 173
838 439
184 320
366 405
263 301
358 776
679 621
434 155
633 929
118 201
694 326
802 447
284 900
286 725
437 610
725 333
159 852
270 938
751 277
949 130
252 980
910 956
338 579
418 514
163 786
296 456
15 120
797 554
357 594
747 313
847 314
325 711
914 721
353 861
739 372
316 972
674 778
809 321
250 339
970 998
366 994
645 55
461 20
87 26
367 359
356 726
998 611
117 340
437 83
319 169
484 629
906 473
945 645
391 629
231 85
457 205
363 608
60 6
89 914
841 373
531 41
423 202
354 414
115 614
266 316
528 516
274 168
423 875
793 503
424 161
994 514
767 969
424 996
207 294
210 794
841 869
95 674
86 991
195 500
392 988
304 27
205 80
717 45
147 769
650 822
533 286
9 209
492 969
374 934
893 254
120 164
705 481
629 40
408 219
185 140
837 229
863 697
845 523
246 156
231 499
277 828
404 867
966 481
656 101
758 895
599 581
659 672
336 393
772 205
21 904
844 341
168 340
111 300
128 103
75 549
241 825
928 584
207 935
160 484
475 469
615 125
75 629
675 487
118 965
364 832
141 421
837 465
139 750
729 534
917 843
774 81
915 507
773 514
332 716
751 249
581 177
785 746
35 597
776 143
11 429
765 401
568 730
698 72
965 940
419 957
783 935
854 878
44 761
890 178
661 105
315 944
967 826
308 324
37 349
786 154
856 202
360 512
207 431
661 424
422 38
639 219
419 907
779 206
259 44
17 544
673 15
708 170
871 550
832 469
955 221
882 271
235 970
83 342
288 300
781 538
270 189
51 55
994 952
245 32
82 114
921 373
184 668
226 997
815 95
909 652
276 782
983 558
85 799
775 929
813 962
42 151
998 448
865 873
252 676
404 628
872 517
962 399
123 521
598 419
782 603
643 441
104 158
872 279
711 32
797 307
741 687
476 93
172 318
384 809
354 441
352 26
902 100
564 72
344 751
935 418
820 116
611 84
191 239
135 122
976 197
468 786
880 21
131 966
914 569
288 607
91 101
962 370
730 279
624 382
448 93
876 212
985 345
691 69
481 32
267 703
408 910
644 120
222 315
255 441
118 88
593 771
806 410
360 421
781 702
364 547
44 291
655 640
589 162
973 805
447 200
804 535
391 851
645 388
767 640
16 606
562 27
59 622
597 7
700 505
624 465
434 358
379 760
111 150
161 768
8 306
367 25
363 216
797 76
95 806
163 942
111 349
765 843
151 990
935 148
845 720
954 640
576 591
388 263
284 310
515 105
820 518
571 691
390 964
386 201
466 14
883 125
627 622
31 734
955 149
853 201
355 377
10 244
704 831
193 125
142 144
181 846
737 144
953 756
582 2
158 115
583 845
389 523
491 449
232 454
817 146
13 486
878 571
626 107
681 228
193 195
790 677
333 64
183 664
435 933
308 866
458 680
804 833
723 857
841 39
704 953
168 565
920 948
262 208
761 543
35 496
517 90
874 979
61 878
911 662
880 527
735 300
773 250
147 324
467 864
180 438
584 785
656 750
895 153
747 760
152 151
526 369
875 968
92 996
140 743
823 978
328 296
143 288
454 848
74 92
759 862
397 752
70 189
209 573
497 991
446 513
989 227
459 121
685 599
3 255
178 277
985 396
852 770
44 198
895 138
931 51
406 677
122 36
204 893
219 491
677 461
445 676
257 995
0 999
865 822
198 252
328 240
612 893
154 844
694 959
895 504
549 360
649 812
556 794
225 417
918 286
941 875
490 386
261 167
343 27
337 533
807 651
308 438
871 275
747 590
477 361
110 642
121 123
646 427
932 186
717 689
467 416
560 945
580 353
328 159
199 749
612 404
285 940
903 392
668 144
944 816
129 102
333 905
357 100
238 186
280 612
608 942
648 655
535 911
483 435
489 420
71 77
530 219
825 391
666 503
586 3
888 98
291 765
178 915
962 292
82 545
554 224
826 262
167 909
344 61
7 271
42 732
841 148
851 410
241 780
116 417
850 547
571 237
426 398
855 906
617 465
296 153
121 95
707 755
599 673
460 844
800 213
730 577
324 880
879 690
78 340
525 320
834 403
417 295
405 505
194 157
104 949
818 488
581 887
412 132
736 611
908 762
742 469
74 618
937 107
270 361
817 78
325 851
780 472
850 130
590 718
437 292
257 630
247 928
950 282
779 841
730 228
639 777
578 679
744 631
406 156
473 697
529 969
260 802
454 859
238 972
548 5
7 639
531 686
375 800
733 423
218 242
213 250
548 472
26 556
725 744
340 354
814 177
102 55
282 749
562 748
933 455
879 550
376 286
366 364
690 888
784 390
856 959
585 662
181 63
88 394
682 29
748 575
23 409
248 999
327 708
215 116
704 882
16 354
848 265
602 912
249 784
72 527
901 832
543 129
281 62
83 459
862 918
885 907
363 505
527 913
548 647
341 586
54 709
437 560
103 800
903 338
834 64
934 418
681 182
941 66
233 325
171 741
489 68
118 764
450 577
283 54
999 159
356 653
782 841
887 184
614 612
758 883
510 592
377 48
316 95
781 993
235 740
48 146
122 421
897 707
252 17
612 428
434 778
716 471
738 252
543 329
707 659
597 409
606 184
953 951
798 693
270 790
136 780
898 89
476 483
598 865
193 338
667 229
724 914
357 671
457 631
852 966
616 991
334 222
137 713
478 177
608 318
32 425
617 475
681 778
92 629
43 76
753 770
526 623
453 782
448 213
3 619
318 652
148 431
688 288
39 426
224 956
704 844
387 106
436 467
350 334
251 746
265 342
125 867
647 76
165 134
308 114
336 599
541 292
422 355
131 657
232 138
127 234
296 838
711 449
195 715
319 443
514 773
817 246
635 612
61 139
812 698
544 916
897 227
665 326
776 579
87 424
804 755
300 594
567 557
948 991
829 795
518 930
783 219
657 180
213 269
936 652
259 946
294 757
180 535
986 915
306 319
844 61
235 228
805 836
388 423
827 826
410 179
474 788
36 165
243 984
386 830
720 623
368 439
661 307
291 459
144 770
442 640
154 664
206 701
580 464
489 645
338 20
330 411
699 304
432 451
550 474
594 951
405 628
77 479
269 528
525 31
556 778
257 196
401 890
3 159
536 631
590 72
131 284
270 155
65 966
171 86
538 19
437 616
943 700
680 764
710 411
978 227
685 453
528 789
730 361
924 312
337 311
897 246
61 290
436 507
196 78
277 493
399 769
235 378
207 693
27 236
809 252
170 184
74 562
813 786
484 631
72 818
367 194
755 721
39 638
878 900
76 496
470 768
421 254
565 155
836 217
461 201
964 995
133 972
197 298
634 890
406 730
918 587
418 438
245 264
3 880
754 469
10 804
958 998
572 969
41 381
237 63
262 842
329 241
771 593
141 267
182 919
642 396
352 765
770 853
414 571
393 920
34 877
652 546
558 10
109 130
25 927
916 743
447 311
823 236
68 686
202 558
129 217
559 740
590 87
775 350
829 914
199 727
373 30
36 899
516 9
462 537
171 889
456 297
206 984
406 301
889 291
845 892
859 638
133 418
22 273
570 833
60 806
670 180
531 695
897 989
962 36
577 718
985 827
793 325
260 526
998 821
648 624
196 428
396 119
245 38
793 315
570 359
218 357
487 326
76 401
195 610
367 731
701 361
98 413
55 987
722 415
287 435
235 925
705 597
421 413
45 905
104 973
726 630
903 304
649 911
41 906
90 817
587 855
786 106
358 767
443 155
735 501
817 799
73 387
938 233
356 654
311 577
985 272
416 583
348 216
99 486
912 371
590 402
174 295
496 874
957 626
227 398
819 95
708 33
538 784
441 111
627 548
129 960
14 298
983 171
799 68
343 27
227 717
95 989
88 179
143 959
408 460
529 947
366 708
665 537
934 958
861 352
321 782
645 941
382 397
876 417
194 540
292 374
984 47
326 226
657 762
655 987
845 87
860 473
968 350
582 831
805 363
534 314
358 268
122 711
25 200
317 128
611 0
923 544
849 224
97 674
42 238
337 765
750 690
979 186
505 484
677 324
904 369
4 110
882 246
848 672
247 322
587 466
204 792
242 991
861 498
826 123
985 295
275 405
882 709
136 573
585 591
821 910
869 935
671 645
29 996
791 839
697 285
551 726
84 308
626 69
404 148
704 943
408 763
407 803
456 376
386 50
17 141
542 175
966 149
896 325
807 407
47 981
581 545
103 5
99 205
716 697
918 894
395 765
358 219
380 591
186 115
682 506
631 487
928 774
602 428
205 256
184 885
329 712
533 4
541 397
169 417
174 450
900 769
747 404
155 792
274 858
671 31
710 115
333 110
171 867
24 514
208 797
665 480
427 305
159 247
456 951
639 394
602 882
636 819
792 830
807 713
9 890
936 938
719 919
618 569
440 278
634 880
423 756
264 975
551 985
813 939
312 908
259 7
407 360
128 126
266 139
906 565
753 649
27 278
998 436
342 72
213 79
880 711
636 413
543 881
756 631
454 742
269 683
943 944
957 981
958 200
882 673
924 422
418 6
929 113
946 332
417 995
732 334
832 958
14 817
845 664
98 674
914 50
464 628
401 781
996 31
976 139
406 41
542 859
637 841
467 365
779 726
699 402
419 764
875 957
101 870
810 196
785 636
17 638
935 183
51 430
661 336
173 982
672 796
374 629
400 906
680 921
177 138
565 821
716 463
90 876
290 38
374 995
337 316
203 546
363 908
876 779
382 958
637 89
847 792
22 986
21 121
552 861
884 96
717 252
630 465
579 779
715 743
873 54
226 875
865 518
653 347
308 332
41 491
288 924
571 239
797 739
99 62
739 473
164 200
725 696
193 584
32 194
514 843
956 406
548 487
665 922
532 876
515 378
828 806
183 880
372 560
427 393
10 17
937 822
993 211
995 895
182 118
904 113
333 193
325 449
520 225
469 831
128 320
393 332
769 991
664 19
522 875
456 43
586 843
730 842
332 399
817 971
347 562
731 969
134 897
14 121
428 666
500 219
633 173
39 249
935 646
277 471
21 600
28 768
691 770
574 647
395 94
470 587
857 869
817 856
716 763
966 157
994 689
478 200
367 261
379 451
462 299
868 210
950 159
319 594
14 664
502 915
456 871
858 895
17 141
666 608
135 168
165 285
641 381
371 69
666 551
375 873
614 902
807 222
371 321
42 896
337 508
392 760
322 833
94 463
634 267
375 672
23 182
251 425
889 896
603 930
403 451
482 867
56 760
509 802
126 132
587 731
934 734
318 309
433 671
8 491
348 616
70 592
44 527
352 425
354 345
814 631
912 81
20 50
594 311
406 206
694 842
988 825
587 38
559 474
645 974
633 731
279 26
321 824
327 249
212 438
461 17
404 996
707 473
525 292
54 93
922 330
211 425
492 915
930 364
835 759
182 175
498 976
723 499
206 896
382 590
159 102
608 862
342 305
523 627
493 859
554 737
426 974
725 115
283 418
858 817
474 717
805 290
202 512
512 426
807 177
747 381
290 907
44 713
979 358
360 648
684 781
272 931
324 867
404 239
993 773
963 571
12 538
376 192
561 989
254 335
51 513
180 934
148 379
762 715
162 108
250 262
491 596
463 395
906 71
416 189
86 187
357 732
889 48
969 175
702 598
334 922
474 90
867 393
372 48
153 467
277 730
753 71
152 999
39 625
994 844
570 342
602 750
825 507
650 861
486 49
172 139
822 932
77 354
751 703
308 193
777 816
435 367
205 682
685 630
824 942
478 553
624 608
918 325
557 424
13 299
913 893
552 412
144 171
186 923
360 518
531 318
362 236
284 845
526 663
145 361
434 488
933 190
148 428
504 529
59 859
668 625
505 411
107 57
835 217
739 20
447 808
481 968
324 342
841 675
781 518
868 632
126 809
607 315
181 875
482 688
729 180
678 127
742 51
614 531
839 132
78 205
114 547
231 261
271 47
104 553
841 559
78 276
138 583
508 72
171 116
19 971
617 979
643 894
72 782
159 344
324 742
493 503
339 257
3 271
364 141
67 400
977 11
255 435
296 940
308 205
966 623
723 971
578 688
619 284
896 626
168 578
938 174
959 552
464 185
951 628
249 489
456 30
439 128
967 607
591 207
608 635
230 564
850 407
508 12
334 274
516 289
792 847
698 244
964 249
763 723
785 382
568 276
489 941
546 664
510 263
607 688
318 808
411 987
336 326
231 6
309 913
806 785
623 801
66 512
180 379
91 359
787 188
992 573
925 971
19 73
37 35
872 984
784 974
54 684
885 746
212 493
30 40
741 876
109 615
4 522
327 197
296 605
980 230
328 467
908 826
960 213
971 99
906 741
477 828
677 967
34 922
49 835
611 422
192 201
778 929
687 443
534 191
682 718
436 444
250 48
918 377
154 35
359 31
733 912
653 450
202 101
229 759
976 487
874 317
233 920
630 616
858 265
799 985
801 864
891 150
606 123
787 304
802 947
539 55
970 58
56 224
236 324
176 63
88 793
381 60
903 73
218 922
855 598
516 523
278 245
905 917
994 333
68 895
502 677
38 500
63 250
126 390
603 774
250 139
352 274
531 708
251 252
389 136
974 825
859 573
695 188
111 351
87 380
967 430
600 362
281 148
230 304
567 900
87 954
811 988
858 584
628 603
171 650
118 571
845 466
990 543
214 445
307 270
222 513
414 342
15 792
730 961
310 732
732 75
696 48
507 97
517 716
904 106
888 361
15 282
677 777
684 410
913 408
975 624
757 589
912 317
371 505
2 418
887 518
611 313
974 144
258 761
434 615
928 658
331 307
631 852
807 62
517 484
330 917
473 551
814 751
957 965
468 579
426 998
665 150
54 488
266 242
817 102
871 16
442 26
907 839
190 563
257 369
442 119
504 116
971 826
232 903
437 509
523 856
936 519
628 44
420 199
474 943
326 7
493 471
504 441
24 780
892 591
37 843
401 410
299 382
180 985
475 964
288 572
86 895
814 709
520 137
133 613
672 597
827 365
533 980
961 97
994 428
434 806
274 594
627 221
44 137
221 509
559 761
518 68
119 224
483 358
286 379
153 388
571 150
766 862
798 823
932 986
953 855
390 305
488 632
129 904
625 335
316 364
708 131
135 229
204 732
271 659
828 404
808 260
571 97
753 307
984 768
979 730
21 419
810 521
231 820
314 443
156 431
962 304
163 275
564 285
327 305
690 77
860 459
386 787
616 846
699 621
338 119
661 450
486 673
717 452
23 166
974 695
315 729
720 407
578 281
668 397
815 960
157 666
789 872
648 66
418 492
876 987
447 589
179 538
421 634
502 932
416 166
221 42
96 885
204 187
419 838
654 974
564 178
822 916
727 811
888 26
729 574
892 444
652 41
723 219
136 964
439 952
891 220
751 286
10 379
696 243
13 633
892 630
574 358
247 34
626 676
892 866
430 577
900 898
290 458
758 196
865 393
264 888
319 32
836 297
209 579
243 135
648 354
621 727
845 371
54 92
726 619
299 513
143 702
138 284
466 618
613 197
119 216
271 284
771 466
60 861
237 830
397 983
100 208
513 440
938 395
661 370
451 193
221 737
142 278
8 691
970 320
607 270
538 729
605 932
433 979
376 481
94 34
694 651
857 302
481 257
883 117
427 653
594 293
810 825
938 231
404 77
324 364
92 103
498 20
579 512
912 282
574 877
565 41
134 644
151 9
859 898
922 834
648 283
185 950
482 370
427 939
880 459
391 471
132 648
551 762
743 953
248 854
272 146
752 874
894 320
582 362
217 467
478 920
572 382
570 558
333 890
425 401
3 310
427 743
647 57
730 745
691 749
282 257
885 646
897 461
956 65
23 42
417 461
943 864
479 84
332 580
612 26
756 489
589 597
208 606
757 131
937 330
606 742
932 130
693 618
814 618
74 549
321 287
509 798
397 915
58 399
118 984
469 595
68 363
622 807
590 922
942 892
70 942
952 155
359 834
176 751
929 937
79 94
259 299
804 24
744 272
371 598
611 82
826 291
130 543
903 862
797 501
635 334
799 348
649 684
956 255
206 268
321 818
362 579
879 165
78 402
240 183
284 585
216 691
634 588
348 830
310 665
878 838
570 384
222 548
801 601
546 570
136 393
574 542
542 988
116 189
691 148
285 496
900 56
462 905
805 869
124 598
21 728
47 909
197 698
818 774
904 914
241 380
516 150
97 827
920 202
474 331
771 718
712 259
619 507
741 22
171 110
153 305
586 316
978 842
307 36
539 354
175 608
361 691
148 355
920 67
449 291
986 863
743 128
128 64
481 115
502 841
524 551
179 805
159 443
334 325
428 390
937 328
645 649
466 481
351 848
69 869
993 720
802 921
893 266
356 255
390 926
904 489
984 249
986 236
811 7
867 39
296 832
317 9
641 703
132 701
949 637
998 633
369 26
188 714
631 284
390 57
106 350
506 912
568 498
646 389
654 574
65 734
847 651
277 643
749 208
551 631
454 171
149 543
391 872
238 456
532 543
725 500
694 634
366 341
938 172
847 760
584 202
304 836
953 605
795 296
944 238
612 79
138 368
689 623
229 522
178 613
500 146
274 130
984 146
971 49
320 365
958 718
194 474
88 463
759 344
534 39
378 552
465 422
225 150
906 377
146 520
351 536
207 228
187 522
90 190
130 802
353 287
713 293
442 814
218 297
687 379
605 159
203 390
568 570
995 980
24 878
310 418
13 657
605 239
977 884
779 246
281 593
853 513
866 559
482 942
212 665
243 406
746 186
924 752
224 261
1 482
467 612
945 816
612 184
446 802
285 160
107 626
105 511
36 819
600 130
208 851
136 127
842 1
436 32
531 31
113 597
793 528
788 93
819 690
772 333
923 277
957 70
386 346
827 667
854 157
59 136
742 395
61 868
708 308
908 887
898 81
299 84
445 406
153 48
325 505
990 16
354 497
651 646
976 639
614 285
571 551
611 96
139 520
403 550
393 247
664 624
288 344
854 257
884 597
628 796
501 220
112 234
909 444
894 249
29 976
849 549
116 298
976 786
535 456
858 703
441 163
961 28
116 883
11 180
158 163
427 4
877 946
364 193
210 464
734 365
938 252
566 443
639 996
962 878
154 917
354 197
541 614
880 225
448 305
848 445
323 802
160 405
868 565
841 839
763 171
611 116
109 285
284 975
350 423
218 892
989 422
459 98
299 914
516 473
515 604
655 108
739 953
626 344
610 44
895 11
255 695
558 733
424 338
67 705
24 450
142 132
910 467
798 493
621 278
677 675
142 451
598 10
903 535
177 637
287 647
606 765
423 707
549 944
834 132
724 282
701 765
88 879
983 76
266 118
985 250
507 119
551 871
431 925
485 926
14 733
507 463
614 101
105 215
586 173
290 185
341 216
645 224
327 380
199 338
670 333
801 366
686 805
680 54
489 167
447 725
63 919
238 778
895 195
734 267
467 516
826 34
216 317
944 227
547 826
197 179
860 34
292 746
630 470
791 617
12 879
868 357
694 82
824 985
353 567
607 951
386 405
242 696
507 640
662 782
388 475
11 465
147 934
882 670
451 736
30 505
577 765
451 452
385 792
178 341
885 618
554 140
462 769
368 657
944 425
296 770
50 582
656 690
571 767
35 499
382 156
844 821
326 321
518 676
450 472
171 213
978 658
153 920
615 351
709 335
358 368
380 973
149 3
77 880
516 111
576 599
269 235
937 341
996 147
845 363
824 219
274 145
591 73
451 677
805 166
26 33
901 725
92 113
382 930
776 850
943 765
311 540
466 116
509 857
324 987
198 651
883 551
857 825
494 214
432 434
256 600
654 431
829 745
567 221
787 620
306 984
250 176
506 249
452 391
208 785
725 642
642 787
59 117
55 53
590 41
376 654
817 52
56 369
23 586
797 409
166 599
76 98
671 66
623 758
323 268
146 125
231 206
666 947
152 574
100 429
751 682
36 515
558 994
146 520
457 266
894 317
14 397
621 97
156 811
632 99
103 83
316 621
738 473
116 187
107 913
449 673
474 273
626 609
369 682
955 418
349 807
58 425
787 357
108 787
243 241
980 560
448 484
700 586
390 82
610 931
322 29
252 90
749 62
859 950
129 749
907 424
161 3
617 589
349 351
51 802
755 317
891 78
759 792
36 986
3 816
627 315
967 652
230 15
562 770
160 771
798 857
915 571
399 261
507 554
420 763
473 20
820 208
374 771
426 525
811 431
897 237
127 748
776 173
440 383
343 771
944 569
80 88
209 530
398 909
145 374
184 481
103 883
550 984
851 129
987 109
889 56
81 153
118 220
815 457
641 260
998 619
771 678
159 800
783 149
222 684
602 51
18 49
355 86
882 343
355 926
800 431
958 277
545 618
216 565
515 830
57 997
806 625
81 132
979 939
371 700
823 96
398 160
136 627
694 605
766 724
231 220
931 378
338 502
371 649
502 118
300 125
16 866
207 117
34 818
685 232
239 495
226 490
172 101
452 568
65 168
492 975
582 770
555 424
270 603
6 447
54 495
835 31
70 540
737 487
726 368
259 367
530 886
797 291
687 418
989 174
43 712
162 168
680 744
656 713
112 404
578 459
466 608
318 330
243 745
964 223
518 694
471 608
276 322
33 610
572 487
491 647
299 747
322 199
980 198
458 283
978 18
151 844
888 49
655 760
536 690
241 109
168 300
431 436
141 473
455 791
452 532
246 50
539 3
515 749
413 45
818 295
803 771
29 940
266 587
372 184
771 512
726 290
430 643
981 937
462 21
166 417
943 881
462 39
538 910
797 544
96 723
694 142
474 569
61 2
743 212
255 810
422 882
621 820
783 729
424 753
317 421
502 243
278 503
395 726
633 606
825 802
262 354
752 70
521 643
645 750
191 734
735 182
287 880
157 997
538 200
465 403
915 416
583 458
152 933
366 535
206 698
645 674
320 880
991 593
983 17
807 345
587 16
516 629
56 546
45 612
233 279
838 454
289 209
81 983
940 946
741 555
578 354
274 559
764 215
762 974
381 707
402 697
713 761
134 309
288 320
975 561
828 862
336 932
558 773
828 947
180 808
42 408
830 654
561 875
428 158
747 357
889 929
949 312
603 787
845 840
95 970
19 668
881 541
104 356
866 637
665 868
591 918
220 904
257 199
689 622
47 877
585 526
316 468
946 188
599 541
394 500
374 776
471 365
9 244
612 671
149 841
622 28
390 389
363 410
451 851
489 70
645 372
429 906
831 42
225 71
687 48
75 459
339 707
812 28
325 827
750 3
599 970
173 874
591 499
343 589
611 76
155 28
878 828
845 151
681 189
328 312
722 290
826 76
976 401
731 314
611 898
293 729
376 71
29 550
779 865
152 491
620 712
102 185
746 531
795 422
938 467
688 439
56 965
29 999
819 540
794 221
293 618
25 2
9 615
750 832
859 976
894 123
659 993
923 395
753 835
165 544
658 318
82 948
545 735
822 668
294 19
3 799
658 674
202 565
784 892
0 488
406 879
418 966
121 974
352 132
532 610
733 356
217 725
740 120
405 986
468 820
16 270
973 271
202 281
569 970
991 397
131 574
91 557
882 802
871 167
790 259
921 690
178 410
823 928
416 361
524 989
751 869
425 309
752 237
965 729
12 408
957 354
703 99
948 116
848 361
979 732
662 712
274 458
276 90
172 976
709 216
791 896
80 745
321 152
412 177
924 41
765 962
186 444
773 702
64 579
187 161
895 646
287 363
422 122
419 516
753 443
547 134
85 867
509 750
256 904
9 731
365 537
778 381
822 849
955 902
232 882
643 148
538 27
449 796
469 243
15 152
956 410
890 202
861 190
328 774
583 835
352 11
834 650
573 2
249 315
75 957
234 450
112 561
756 773
492 436
463 275
648 95
967 110
618 428
913 113
47 400
508 915
527 186
241 18
621 834
827 40
908 818
167 49
882 168
365 778
648 497
204 339
399 223
649 30
324 820
272 253
68 308
81 511
880 550
932 547
570 243
861 450
870 677
136 217
889 409
29 684
797 37
316 124
210 338
962 129
758 322
922 545
718 914
589 607
162 777
178 899
212 991
701 480
825 334
116 88
574 948
28 634
419 983
8 429
467 103
802 761
10 62
720 812
381 139
423 43
981 554
467 812
739 365
37 994
269 270
562 232
215 193
451 892
315 183
991 765
929 221
889 262
134 297
840 120
809 141
673 763
233 193
223 557
352 293
708 304
522 451
716 392
686 177
544 570
507 557
328 14
508 486
304 30
844 433
211 292
466 170
307 631
246 430
742 566
641 215
881 58
409 55
825 784
418 811
845 733
709 561
445 143
28 274
853 794
259 944
722 608
569 448
739 311
652 225
577 519
472 299
295 265
192 689
290 448
699 454
177 83
632 667
853 569
353 87
466 595
691 53
548 932
780 737
866 692
508 874
502 288
692 993
739 139
825 952
693 9
569 76
924 446
4 619
808 866
220 478
917 663
453 664
641 201
981 324
49 932
964 658
807 738
669 66
734 274
899 734
923 945
860 628
862 636
137 370
950 531
995 136
384 640
775 233
265 917
426 849
902 97
94 543
107 659
891 204
560 389
62 234
373 946
756 710
591 758
344 765
912 107
250 765
490 656
772 850
29 288
379 706
184 947
962 109
854 473
18 36
442 77
849 642
210 291
359 366
142 889
420 15
801 33
467 366
319 869
618 879
205 689
196 597
300 911
102 192
163 783
199 173
73 259
740 385
87 617
199 522
780 296
424 681
732 147
581 800
779 963
642 453
194 240
97 981
905 88
124 337
850 382
965 27
164 76
732 225
861 904
352 777
942 570
628 347
811 700
268 586
624 800
781 74
212 501
319 211
529 578
966 732
81 465
60 712
354 637
977 116
571 564
91 974
4 317
749 991
889 657
860 674
71 14
628 50
141 287
47 407
516 837
102 225
615 657
701 755
539 182
547 769
528 363
919 697
37 583
819 142
343 659
29 55
538 747
681 612
614 668
295 161
907 231
258 112
837 420
231 396
528 23
34 824
980 703
684 531
777 817
791 110
716 0
303 995
904 696
122 472
933 734
41 10
853 305
956 346
65 332
153 907
487 897
982 857
583 758
714 594
281 211
567 936
304 674
250 533
689 462
201 582
268 660
683 848
929 180
283 901
868 183
181 0
426 546
207 644
961 58
273 288
875 950
461 53
987 776
559 110
61 827
13 406
554 70
359 701
401 286
40 947
815 671
626 539
247 460
502 25
2 850
977 436
392 729
424 12
317 314
788 540
84 585
670 280
231 156
84 288
468 241
665 51
816 611
345 164
464 118
97 328
995 46
651 134
697 612
783 189
262 960
707 112
79 751
308 77
683 438
202 425
426 804
895 349
545 916
880 708
660 304
242 402
618 702
717 542
333 431
796 768
678 194
979 883
556 101
55 435
590 620
873 976
108 871
859 713
489 272
872 305
243 242
272 821
113 707
305 300
187 298
790 949
390 617
724 747
325 643
608 404
920 30
473 765
64 570
539 999
72 552
10 981
621 36
275 811
623 723
950 432
325 301
590 860
852 899
678 522
929 49
661 719
681 469
115 784
656 957
817 256
478 189
997 567
987 622
675 475
324 912
892 698
843 360
178 734
170 2
249 679
216 703
24 788
450 831
29 546
666 121
396 74
468 901
328 975
987 81
528 133
8 944
555 451
507 76
220 873
879 916
470 98
674 902
919 323
914 846
369 401
448 596
676 295
920 610
637 237
199 699
954 625
811 701
219 50
534 431
58 151
187 195
251 347
935 829
204 972
904 17
766 743
945 840
849 229
764 907
291 737
133 318
578 247
133 246
133 782
341 947
886 415
294 214
402 443
815 715
638 303
6 0
460 83
237 404
884 694
638 664
722 876
359 377
94 208
607 283
287 881
974 495
295 600
432 677
393 920
42 58
701 309
835 155
699 365
404 872
683 353
576 465
315 660
252 404
656 690
199 332
579 642
299 227
109 676
514 136
50 44
145 977
978 580
183 970
459 37
46 220
976 582
521 511
700 627
612 207
223 183
223 226
943 585
635 391
48 851
426 16
676 477
842 864
771 950
123 142
460 147
868 888
913 957
217 728
399 919
503 122
563 222
614 715
381 311
390 811
248 315
810 563
951 605
991 7
362 906
973 725
422 839
180 300
296 95
144 469
842 906
326 477
428 110
268 481
724 466
884 615
469 477
592 323
836 819
159 135
61 968
190 41
618 810
680 320
580 370
918 823
647 723
151 369
434 889
793 594
364 667
21 380
8 90
70 247
329 559
514 142
46 40
943 297
119 242
823 93
85 960
412 365
917 594
732 132
645 503
37 112
413 603
777 360
127 832
499 134
624 817
488 534
612 890
175 788
764 241
593 874
211 592
904 551
876 888
139 96
438 294
664 634
272 449
73 309
652 201
375 186
807 617
649 822
175 854
974 516
835 558
526 78
590 169
12 293
316 987
430 316
739 751
779 320
195 749
819 618
638 812
235 530
120 592
662 917
79 429
356 265
163 505
30 835
335 741
359 671
190 84
404 527
334 979
932 650
896 23
841 735
285 561
117 471
338 508
685 773
668 125
241 721
4 650
233 872
644 123
521 365
728 892
589 756
254 368
901 968
949 919
122 844
97 16
166 327
5 39
808 254
975 312
845 709
743 9
575 373
815 12
434 728
84 594
713 632
83 688
629 507
868 493
734 529
530 873
735 507
345 856
166 758
270 725
529 998
986 150
513 107
735 862
202 62
488 662
241 764
693 426
748 793
524 681
765 862
257 21
455 452
158 903
134 334
563 892
571 922
319 42
222 424
652 546
569 449
46 103
395 768
188 182
26 980
901 948
743 732
668 370
286 569
108 980
786 351
20 133
309 515
724 171
845 14
942 201
144 80
205 512
993 405
776 956
311 35
599 573
500 401
237 202
636 202
628 959
122 447
59 696
797 632
963 675
32 35
85 890
357 243
453 694
25 234
442 964
891 134
483 211
349 239
554 524
601 695
797 312
60 864
703 853
125 441
939 265
182 417
65 173
114 962
374 498
645 742
472 975
423 685
359 904
968 461
469 808
525 72
486 752
849 113
736 861
20 750
172 813
175 591
851 433
830 653
729 381
396 283
156 99
457 72
293 219
607 603
109 230
984 445
513 317
738 426
79 982
218 327
430 743
684 317
801 665
897 916
212 597
94 840
221 866
995 591
355 772
929 977
714 406
323 470
29 841
29 331
658 730
600 613
25 47
91 491
549 50
859 831
97 684
67 638
563 730
652 155
595 972
286 855
444 704
404 260
994 443
436 620
451 312
476 686
878 398
694 329
54 653
68 847
534 153
276 955
230 349
628 306
916 433
358 589
508 445
517 445
288 883
494 366
112 703
392 28
155 370
715 936
59 395
228 699
365 300
407 8
830 970
139 934
886 252
793 788
816 195
125 107
424 473
323 391
187 186
530 134
874 109
612 102
334 178
747 674
741 61
958 294
243 929
225 166
730 430
168 858
826 996
988 557
96 421
923 73
571 926
804 587
826 765
464 581
311 772
994 998
550 132
327 115
854 531
855 874
990 334
337 177
617 414
378 139
842 367
174 250
520 684
85 77
778 44
383 12
52 8
96 558
408 569
196 465
373 454
707 170
587 460
918 224
860 611
255 669
533 295
429 76
2 796
437 412
124 385
433 210
726 358
76 658
411 141
932 711
746 587
423 542
906 600
693 111
53 458
204 475
432 790
750 974
945 351
196 902
32 348
334 9
902 254
704 395
464 863
295 541
20 779
825 254
370 170
880 454
388 604
23 477
493 451
35 720
590 900
914 796
484 301
927 265
778 304
731 927
637 638
349 803
203 221
963 35
586 138
790 165
711 495
146 668
12 117
178 987
407 642
496 47
777 341
418 352
420 372
470 832
260 428
438 402
895 809
996 715
348 993
871 197
671 484
923 454
587 622
869 101
110 947
948 965
520 618
801 559
211 747
335 396
612 200
435 216
992 599
428 688
639 221
835 324
261 828
604 325
923 789
499 287
353 238
360 920
343 54
123 663
119 475
559 989
533 938
290 103
102 199
91 193
564 736
283 4
623 989
876 48
645 611
932 506
90 492
235 847
784 767
56 438
216 870
647 802
695 506
397 581
346 641
650 830
865 824
981 563
799 473
139 871
103 486
129 581
64 691
804 802
994 735
216 766
607 411
878 755
66 137
619 252
986 925
479 423
687 551
339 243
60 247
706 994
739 679
144 64
643 212
829 441
861 613
907 62
490 402
835 664
990 405
196 115
248 532
588 172
47 196
692 899
78 23
719 121
136 871
595 883
692 376
270 156
961 593
433 998
603 155
888 513
156 816
264 986
507 828
711 765
776 815
455 483
717 481
459 805
542 540
568 958
521 646
101 28
15 595
843 94
368 486
372 575
458 337
807 545
771 823
938 459
290 113
758 715
705 997
855 308
357 336
425 737
28 541
491 847
933 596
695 982
283 315
63 48
442 719
401 185
272 404
812 948
165 136
760 516
730 316
690 656
493 146
501 108
259 407
545 631
244 306
383 919
51 659
658 582
291 436
615 680
274 611
421 58
569 102
598 44
849 684
668 759
751 818
996 432
744 211
741 114
117 55
217 239
208 948
923 832
701 671
607 135
409 780
109 228
846 705
230 349
700 591
36 571
985 248
494 403
258 970
57 538
831 177
863 616
466 80
460 334
488 433
619 975
358 887
733 866
108 883
601 45
333 316
653 443
181 901
795 471
33 946
4 390
506 114
600 177
297 142
635 752
740 504
418 711
727 605
547 636
380 875
40 462
771 515
332 183
25 487
339 115
709 780
694 878
798 233
93 50
326 22
610 318
73 485
148 655
918 508
593 794
796 753
194 615
342 284
770 688
815 304
335 695
478 873
287 675
267 742
204 891
567 544
984 496
832 953
865 599
562 510
261 684
662 701
823 96
910 391
16 220
638 318
574 275
485 247
591 179
321 201
6 756
542 524
221 359
863 443
777 735
219 834
521 171
641 871
223 897
355 556
12 852
862 307
191 823
240 728
191 848
361 507
476 429
314 75
833 625
488 819
972 439
201 647
700 237
989 776
490 803
686 308
920 441
0 358
980 220
193 723
629 160
841 418
356 982
843 387
381 672
322 721
291 488
380 95
510 812
98 62
896 340
85 693
75 834
818 303
884 680
918 376
283 637
659 888
832 504
825 502
7 355
781 53
932 392
12 522
967 815
984 515
257 534
610 473
373 22
485 998
831 437
633 311
816 686
661 131
63 874
164 58
784 49
897 23
849 609
42 414
64 38
839 837
694 727
459 966
134 575
546 707
598 505
97 977
628 235
129 357
529 163
844 545
897 532
254 631
817 466
52 812
175 961
440 310
685 585
122 374
566 341
728 599
943 78
742 548
103 36
950 517
38 205
266 554
809 364
404 550
700 459
460 677
78 800
993 917
592 915
102 216
885 822
263 456
963 867
905 538
209 113
277 243
70 343
468 669
456 911
779 602
754 12
513 407
979 99
796 890
262 917
535 629
524 123
487 496
979 64
784 305
74 227
932 71
978 665
12 10
910 398
644 717
147 805
331 748
216 531
984 118
519 855
357 115
290 189
104 94
958 278
197 539
914 968
252 922
112 4
897 618
371 802
486 350
79 422
722 475
260 366
885 7
723 98
9 819
918 458
58 218
132 539
422 135
898 794
862 514
74 470
282 435
615 313
896 221
943 624
630 52
23 622
163 479
778 172
49 582
954 644
93 660
645 928
925 677
568 607
968 377
15 209
497 463
307 997
188 298
609 841
527 591
225 730
250 932
324 223
423 578
613 450
546 4
897 662
297 869
118 137
636 61
87 659
886 988
53 325
817 37
847 67
46 484
899 258
234 32
602 898
130 625
799 132
975 914
104 644
450 736
787 647
313 16
162 886
135 260
639 665
720 55
664 685
41 188
707 358
324 242
314 468
113 506
800 426
678 591
994 762
160 476
599 265
863 433
280 153
109 334
192 305
87 598
716 927
746 933
51 718
246 546
526 543
886 61
809 172
358 905
888 416
987 475
298 824
214 400
225 172
201 506
80 998
399 364
755 801
400 513
378 370
826 152
877 570
433 458
712 82
887 674
16 470
956 299
533 578
462 61
198 559
17 561
359 782
65 127
757 779
747 902
151 595
415 604
263 910
80 625
319 877
385 81
644 468
1 630
326 985
960 257
493 578
423 665
197 787
564 529
10 173
939 334
124 551
5 887
156 777
276 451
621 443
324 701
347 74
756 483
142 275
242 130
456 822
186 323
642 779
303 337
523 223
744 312
480 376
12 455
124 436
422 54
673 766
913 408
477 369
555 778
462 690
422 850
742 633
626 184
735 800
284 327
814 690
522 204
108 533
228 102
56 48
836 356
973 765
710 810
202 959
264 563
957 581
523 391
966 781
855 55
698 665
746 636
317 781
698 475
910 478
454 83
326 132
712 4
769 792
717 713
186 270
354 143
475 332
625 555
234 857
66 895
573 126
874 126
687 847
734 443
183 571
264 869
608 559
721 158
915 663
253 222
974 221
873 108
544 191
408 997
962 724
313 178
967 95
482 438
908 986
272 181
472 604
412 606
620 523
95 10
676 330
805 514
876 4
910 188
124 966
672 141
644 240
862 624
447 476
315 13
324 125
271 994
864 689
592 6
588 343
674 432
669 426
511 20
870 331
111 797
807 386
673 971
777 61
215 599
32 694
46 106
431 697
515 761
566 579
190 915
431 164
618 720
572 469
2 107
403 634
822 377
929 777
203 352
738 457
590 872
159 555
529 653
845 156
228 450
132 216
165 286
253 224
895 635
291 709
87 217
58 946
369 591
539 213
711 498
461 157
162 564
757 437
838 661
447 359
922 325
65 794
845 600
678 756
2 399
457 608
644 5
365 241
418 311
836 948
516 11
52 578
107 825
130 251
980 677
251 355
789 922
78 184
750 831
155 201
833 926
118 904
323 551
500 153
88 841
579 856
505 433
14 86
585 113
511 917
299 594
491 543
662 41
241 498
969 845
570 630
910 134
738 172
754 216
509 256
371 277
442 776
848 654
188 83
875 531
547 189
966 538
579 890
715 224
140 513
85 627
96 945
101 740
459 302
753 472
963 76
384 596
760 145
179 48
797 7
885 37
253 199
620 510
14 518
957 810
521 275
859 544
167 342
39 64
149 443
753 504
144 84
757 397
241 458
727 29
306 469
47 251
999 190
605 226
606 708
190 864
302 931
811 525
963 398
409 209
472 421
115 104
67 55
874 769
580 977
221 514
237 357
264 325
411 940
913 654
131 507
693 691
877 897
495 426
956 911
778 997
980 198
113 385
834 124
941 169
983 559
654 71
509 351
872 332
231 624
864 427
517 237
12 977
749 934
950 127
195 770
801 6
753 973
330 993
439 971
0 398
764 226
971 965
634 188
200 815
181 74
851 215
444 393
42 724
926 760
801 429
838 928
664 147
767 98
766 729
376 420
705 415
569 156
323 826
356 370
310 773
636 218
120 708
352 439
704 555
928 41
694 466
775 79
62 59
615 685
589 10
503 311
722 772
424 195
870 448
891 651
372 544
500 304
129 936
338 879
500 510
572 240
166 312
860 857
435 104
704 359
935 947
803 28
42 381
816 113
548 446
631 278
408 135
5 604
541 93
984 930
495 181
464 604
818 782
639 485
615 705
265 526
261 988
572 996
633 738
305 21
117 460
353 355
148 747
96 319
364 634
188 814
530 768
798 71
633 500
415 291
507 927
324 715
765 189
347 501
431 291
203 55
33 10
703 954
519 90
635 288
854 95
557 285
540 263
517 577
755 394
972 171
13 368
864 303
121 998
654 1
476 368
310 463
721 296
211 755
321 717
448 70
371 228
419 894
629 619
452 776
664 568
791 789
47 517
197 721
888 591
575 623
913 410
459 542
179 846
196 726
530 13
389 643
403 690
742 801
52 434
397 357
592 134
214 170
920 831
491 697
745 616
236 943
284 592
304 586
721 132
985 396
203 976
396 854
110 399
846 990
396 902
231 969
51 37
834 808
807 293
723 783
438 410
863 353
583 377
447 85
282 707
204 619
650 96
476 215
277 725
179 933
442 974
211 826
265 539
228 817
758 831
651 899
510 667
871 357
649 111
991 278
54 570
77 5
65 444
877 534
335 906
814 494
895 50
615 602
59 690
819 28
549 357
781 805
34 69
612 971
753 433
328 548
221 216
210 289
694 900
95 900
572 440
661 913
604 762
28 240
343 105
278 385
818 559
560 126
976 671
398 700
409 903
690 409
543 807
252 47
899 352
690 271
739 86
594 591
319 846
995 700
703 128
103 616
78 245
788 692
890 977
781 110
825 906
605 564
604 710
36 815
287 209
415 849
439 444
324 198
434 198
587 654
122 519
910 697
946 887
465 569
470 459
818 699
615 776
921 838
524 549
329 665
18 285
964 697
29 474
315 720
212 323
67 606
400 550
49 188
908 406
375 796
630 365
451 906
508 418
190 749
952 365
394 750
740 557
347 422
30 416
95 460
325 299
53 253
337 381
897 849
454 376
46 285
169 760
178 443
649 217
445 474
391 812
417 668
805 818
811 978
914 375
408 162
381 576
553 849
765 837
887 617
943 791
934 692
151 458
917 102
876 404
156 974
560 644
821 333
446 851
900 556
666 589
982 810
900 977
885 796
652 868
305 299
215 946
32 233
80 421
878 555
415 803
637 304
821 691
486 175
653 288
118 205
213 948
154 900
922 358
834 469
735 292
217 286
990 745
266 108
204 823
788 578
25 702
447 887
445 291
261 492
988 97
49 995
594 827
842 265
192 495
609 700
860 700
534 140
660 852
542 437
12 554
599 284
834 693
826 37
112 387
656 907
138 550
837 759
899 154
168 7
204 404
56 809
261 988
968 428
297 371
491 845
526 157
104 255
650 672
742 377
399 163
593 84
87 231
51 530
287 313
235 48
504 733
529 884
785 284
607 566
574 646
409 771
684 64
509 661
993 47
556 260
728 283
846 975
259 501
161 547
367 144
395 618
3 4
5 6
7 10
12 13
15 16
18 19
21 24
25 28
29 35
36 37
40 42
43 45
47 50
54 55
56 57
62 64
65 67
69 70
72 75
79 80
81 82
86 89
90 92
97 98
102 105
106 108
110 111
112 115
116 117
120 121
126 128
130 131
132 133
134 136
138 139
142 143
145 149
151 153
157 159
160 162
164 170
171 173
175 176
178 182
183 185
190 191
196 197
199 204
206 207
209 210
213 214
215 217
218 226
227 229
230 233
234 235
237 239
241 242
244 245
247 248
251 252
253 255
256 257
260 261
262 266
269 270
271 275
276 277
280 281
282 283
284 286
287 290
291 292
293 294
299 305
307 308
310 314
315 317
318 319
325 326
328 329
331 332
333 334
335 336
339 340
341 346
351 352
354 359
362 364
365 366
367 368
373 374
376 377
383 384
391 392
394 396
399 401
402 403
408 410
411 412
414 415
417 418
420 421
422 423
425 431
432 433
436 440
441 442
445 446
448 449
452 453
454 455
457 466
468 471
472 476
477 478
480 482
483 484
490 492
493 494
495 497
498 505
506 508
509 510
511 514
516 517
521 522
523 524
526 528
530 531
533 534
536 540
545 546
548 549
552 554
556 557
559 560
561 562
563 564
569 570
571 576
577 578
580 581
582 584
587 588
589 590
592 594
598 599
602 603
604 606
607 608
609 610
611 613
616 617
618 620
622 623
624 625
632 633
634 635
636 637
639 640
641 643
644 645
647 648
649 650
651 652
653 654
657 658
659 660
661 662
664 667
671 673
677 678
684 685
686 687
690 693
694 697
698 702
703 706
707 708
709 711
713 716
717 718
721 725
727 728
729 731
733 734
736 737
740 741
743 746
748 750
753 754
755 757
759 760
767 768
770 772
773 774
777 782
783 784
786 787
788 789
791 797
801 802
804 809
811 813
815 816
818 820
821 822
823 824
828 829
830 831
832 833
839 845
847 848
850 854
861 863
864 865
867 868
869 870
871 872
874 879
882 883
884 888
890 891
892 893
894 898
899 905
909 911
912 921
925 927
929 930
931 933
934 935
937 938
940 941
942 943
945 946
947 952
954 955
956 958
960 961
963 966
972 975
976 977
980 982
985 986
989 990
992 993
